EnsembleGeneName	external_gene_name	baseMean	log2FoldChange	lfcSE	stat	pvalue	padj
ENSG00000000971	CFH	666.682056450277	-7.28962707956436	0.236181338104847	-22.3964650298329	4.26074549672564e-111	7.06474210812079e-108
ENSG00000001561	ENPP4	149.118452445002	-11.3033447981527	1.19281899231105	-7.79946065423368	6.21723201763325e-15	2.84773270951317e-13
ENSG00000002587	HS3ST1	117.772189202161	-5.14319941137089	0.527292670625602	-5.9610147959039	2.50676265913876e-09	6.59756057955234e-08
ENSG00000002746	HECW1	593.44277064305	-7.53887939660787	0.422708347291012	-13.1033120876476	3.15196684885487e-39	5.74316069460028e-37
ENSG00000003436	TFPI	1786.28575760942	-3.3430386592571	0.141799685414075	-9.47137968138107	2.76171508937507e-21	1.99965056318463e-19
ENSG00000005249	PRKAR2B	519.570085021521	-3.0312625770681	0.179642542810049	-5.74063671631801	9.43212371758e-09	2.34122819402985e-07
ENSG00000005379	TSPOAP1	44.1151396190479	-10.2980883667032	1.22982338030212	-6.74738218480171	1.50536380996538e-11	5.02222079135534e-10
ENSG00000005513	SOX8	473.958083437208	-7.95606082263561	1.29712320035379	-4.59174642856677	4.39552226710847e-06	8.13416905255865e-05
ENSG00000006042	TMEM98	240.271866240229	-5.34664793785056	0.334549032993039	-10.0034602040539	1.47163168616144e-23	1.22005624941214e-21
ENSG00000006377	DLX6	165.837491704046	-12.4734085281156	1.23750665470823	-8.46331491492863	2.59882712898324e-17	1.42215025167232e-15
ENSG00000006740	ARHGAP44	104.384346173015	-4.90906195377445	0.411911495830319	-7.06234708965927	1.63713428598968e-12	6.00560256548558e-11
ENSG00000008086	CDKL5	1659.7813985101	-3.54850983302081	0.297584900397546	-5.20359007110959	1.95474942399379e-07	4.22027346344284e-06
ENSG00000008277	ADAM22	584.859497149542	-3.62475108670912	0.219119343092807	-7.41491400885118	1.2170374615664e-13	5.04492453755813e-12
ENSG00000011028	MRC2	8677.91575456894	-3.9778361607855	0.362771609679155	-5.45201473327737	4.98023287610743e-08	1.1485012700798e-06
ENSG00000011201	ANOS1	20.0524061367001	-5.66044506734548	0.985440790219622	-3.71452562515673	0.000203585240089985	0.00304936482920691
ENSG00000011465	DCN	113.808025435793	-6.07874590288246	0.891989975010014	-4.57263648376392	4.81625300512168e-06	8.8929054652475e-05
ENSG00000013297	CLDN11	1412.04929546774	-3.58765622064227	0.322476301189751	-4.92332681435731	8.50851782285657e-07	1.71629846740614e-05
ENSG00000018625	ATP1A2	358.77162278185	-6.96081989262753	0.495239823249818	-10.0170052159257	1.28332669716449e-23	1.07468888715578e-21
ENSG00000019991	HGF	114.302168715717	-5.4166016619692	0.462196196030505	-7.39210251255227	1.44525028852098e-13	5.9463263111579e-12
ENSG00000020181	ADGRA2	938.506978800193	-4.58644039619117	0.253106658588881	-10.2187765845872	1.6338991722327e-24	1.46441525269138e-22
ENSG00000021645	NRXN3	423.368204608713	-5.9609490942321	0.536502919301718	-7.38290315248882	1.54874687558971e-13	6.34068443065506e-12
ENSG00000023171	GRAMD1B	204.647861150378	-4.96782767765233	0.423076316269121	-7.01487548115193	2.30153835739642e-12	8.27804935010631e-11
ENSG00000028137	TNFRSF1B	942.710536152118	-2.6857388519553	0.202257593309787	-3.39042327525867	0.000697847852325898	0.00954704227674564
ENSG00000028277	POU2F2	21.1340865932452	-3.56405185806496	0.460101061852791	-3.39936589532448	0.000675422928901054	0.00927085064909634
ENSG00000034239	EFCAB1	21.2821331480735	-7.25660008583542	1.26627266994179	-4.15123867916777	3.30680687021608e-05	0.000551056931809575
ENSG00000038427	VCAN	19874.3332679031	-3.32240178912424	0.3351799420476	-3.9453488208326	7.96838937057114e-05	0.00126434319764058
ENSG00000039068	CDH1	46.7369382115919	-5.01851790370579	0.689456187852703	-4.37811416720604	1.19710640494972e-05	0.000212518429341235
ENSG00000040731	CDH10	147.207982045619	-4.62233657709601	0.559199561613963	-4.68944676839055	2.73944685094349e-06	5.17933503255348e-05
ENSG00000043355	ZIC2	841.919729315914	-10.6739959078081	0.612764893821329	-14.1555040036894	1.72695152866593e-45	3.92254565709724e-43
ENSG00000047457	CP	258.803870014095	-6.75636256781872	0.876764715873181	-5.42490189409801	5.79863799416827e-08	1.32800022902354e-06
ENSG00000048540	LMO3	99.0938449173966	-8.81228455013969	0.975750696309908	-6.98158307844655	2.91872222338158e-12	1.04075985346e-10
ENSG00000049192	ADAMTS6	258.163631788108	-3.80871909923461	0.309837507064101	-5.83763765844016	5.29461454220117e-09	1.34854076381317e-07
ENSG00000049540	ELN	868.476369912173	-7.6351875222675	0.438316692631611	-12.8564291914925	7.91493297463691e-38	1.36705732971307e-35
ENSG00000050438	SLC4A8	1082.89394483096	-3.20810423680469	0.189664218278506	-6.36970034606468	1.89397868999351e-10	5.65838930788871e-09
ENSG00000053438	NNAT	116.579883499054	-5.25772908425077	0.440295204085154	-7.39896563493049	1.37249361667732e-13	5.66102404431009e-12
ENSG00000056487	PHF21B	159.93135225331	-6.02433478393849	0.508235486701266	-7.91824831055911	2.40879947636607e-15	1.13466773061437e-13
ENSG00000063438	AHRR	33.0597495111873	-4.61338300487182	0.497160161545079	-5.25662192390863	1.467255155282e-07	3.20957225985895e-06
ENSG00000064205	CCN5	15.2775412538997	-4.83735881343673	0.771981422813999	-3.67542369490459	0.000237455006384083	0.00353432806180833
ENSG00000064309	CDON	317.538613254745	-3.51956734435524	0.25146352822597	-6.04289359604358	1.51374490196434e-09	4.09451944852704e-08
ENSG00000065621	GSTO2	36.3662246803084	-4.03521059770497	0.525388972298276	-3.87372157584902	0.000107185863160683	0.00167349227595789
ENSG00000065717	TLE2	432.321210416099	-4.01854420407658	0.30070656997277	-6.71267077489983	1.91093947718909e-11	6.33705749425445e-10
ENSG00000065809	FAM107B	206.139836112722	-4.68819300837651	0.375321090648924	-7.16238195868147	7.92871335162402e-13	3.00150675989219e-11
ENSG00000065833	ME1	1755.36920985321	-6.73982900692975	0.347402576126819	-13.6436207807494	2.20342887263131e-42	4.68398129962818e-40
ENSG00000065989	PDE4A	355.145401000191	-3.20737814960228	0.352236038332483	-3.42775303548756	0.000608598837026444	0.00845865659407835
ENSG00000067141	NEO1	712.869561016633	-3.67073337535696	0.278787472262642	-5.99285671553773	2.06186509642616e-09	5.47881172497469e-08
ENSG00000067445	TRO	1276.89501510661	-3.43855971158035	0.235792984032464	-6.10094366243861	1.05444071639905e-09	2.90909842239812e-08
ENSG00000067715	SYT1	1224.02856384432	-11.776099920363	0.597172223834501	-16.3706541097804	3.09865672898279e-60	1.19485644705264e-57
ENSG00000067840	PDZD4	536.222684650013	-3.57863735558428	0.233062713221623	-6.77344451097645	1.25751820207236e-11	4.24662104044028e-10
ENSG00000069667	RORA	195.64268978257	-3.93088909851805	0.293086376102696	-6.5881230106768	4.45421552430268e-11	1.43130518621052e-09
ENSG00000070808	CAMK2A	21.1386118160707	-4.8128613902955	0.744702980164118	-3.77715876694302	0.000158627618726624	0.00241081993226962
ENSG00000071282	LMCD1	682.085973684121	-3.21242941868402	0.278245741245773	-4.35740512417433	1.31613519766973e-05	0.000232157848005976
ENSG00000072041	SLC6A15	214.263960133478	-8.73117240573414	1.03220697464247	-6.52114602118986	6.97722174668458e-11	2.19524314576427e-09
ENSG00000072133	RPS6KA6	261.602102096138	-7.83328204795842	0.804681139766088	-7.24918450263925	4.19288411449357e-13	1.63967479958533e-11
ENSG00000072163	LIMS2	33.0838276406007	-4.57435194931537	0.478554767931596	-5.37943015475995	7.47219769212622e-08	1.6972124648376e-06
ENSG00000073756	PTGS2	123.074224142239	-4.35532015966205	0.562604919042798	-4.18645497033572	2.833451141755e-05	0.000477453794526825
ENSG00000074047	GLI2	394.669592813956	-11.7561682396735	1.18213017405933	-8.25304053120618	1.54414653820973e-16	7.90231288581962e-15
ENSG00000075275	CELSR1	3125.01859982175	-2.68030136915982	0.131793007694836	-5.16189273663934	2.44465363266734e-07	5.23029701719448e-06
ENSG00000075290	WNT8B	7.46776978457441	-6.5892026469458	1.2613397367476	-3.63835572070312	0.000274384271849199	0.00402690706619263
ENSG00000076344	RGS11	58.8144429351266	-3.9237201879678	0.49025729160588	-3.92389918702991	8.71272068232769e-05	0.00137194322539103
ENSG00000077063	CTTNBP2	182.931893075262	-7.50600466669243	0.739478294510031	-7.44579618843396	9.63614752408186e-14	4.0449863821975e-12
ENSG00000077238	IL4R	590.50853438856	-3.59650411703902	0.22157948015806	-7.20510814404011	5.79978007417177e-13	2.23014736346928e-11
ENSG00000077782	FGFR1	3789.47721476032	-3.89683683872191	0.162352041668198	-11.6834800426995	1.54824409021876e-31	1.94480570150889e-29
ENSG00000077942	FBLN1	2638.44627715131	-3.14304890482112	0.300702878145898	-3.80125694795153	0.00014396391383339	0.00220209008788878
ENSG00000078018	MAP2	3484.10795805772	-7.49449972196671	0.178610334566903	-30.7624961080211	8.32259718301221e-208	1.37996983891525e-203
ENSG00000078098	FAP	492.514369558888	-7.47198158894587	0.636600361601853	-8.59563066407459	8.28087387621533e-18	4.65441253361106e-16
ENSG00000078295	ADCY2	11.2725123992764	-5.90379203181576	1.10668461625154	-3.52746570656989	0.000419558106175209	0.00599108094003186
ENSG00000079102	RUNX1T1	403.697997826261	-2.66593796191704	0.195497275451389	-3.40637975838508	0.000658305408879645	0.00905839168849244
ENSG00000079150	FKBP7	222.779941014325	-2.93250749225301	0.18319469914169	-5.09025368431524	3.57584795264275e-07	7.48625440691534e-06
ENSG00000079257	LXN	47.6767734025057	-7.19378099423379	0.713929011909251	-7.27492636886142	3.4660945298942e-13	1.36187946445914e-11
ENSG00000079308	TNS1	916.448504495082	-5.63499194710768	0.214307751448122	-16.9615514256731	1.58113967634882e-64	7.0072287857623e-62
ENSG00000079385	CEACAM1	15.4446220041287	-6.34431888608033	0.994863873853623	-4.36674704977731	1.26110631594578e-05	0.00022268800665279
ENSG00000079931	MOXD1	5722.01697027306	-5.97073468652288	0.199130710298572	-19.9403431071443	1.81813433199714e-88	1.31071675473237e-85
ENSG00000080573	COL5A3	946.369406278449	-10.4443793414028	0.676267885915084	-12.4867371603434	8.81970661435879e-36	1.34164729699709e-33
ENSG00000080854	IGSF9B	259.880454359544	-6.06100721195383	0.376763348681499	-10.7786684298394	4.34124427805321e-27	4.18500996362792e-25
ENSG00000081277	PKP1	14.0756358011322	-6.43236619870289	0.991899257425273	-4.46856489257611	7.87461243257631e-06	0.000141768673989737
ENSG00000081853	PCDHGA2	75.4810403736481	-5.1851520715599	0.370985153978145	-8.58565912248752	9.03170988253161e-18	5.05928316088705e-16
ENSG00000081913	PHLPP1	1658.432040631	-2.87813253273915	0.127894849575114	-6.86605078825648	6.60035835429849e-12	2.26584972821166e-10
ENSG00000082684	SEMA5B	115.094408674256	-7.44528710898468	1.00553940096053	-5.41528964830528	6.11895701537321e-08	1.39942656926763e-06
ENSG00000085741	WNT11	10.1958800866382	-8.03065476105089	1.43575040377747	-4.20035038484697	2.66502228951376e-05	0.000450445816334635
ENSG00000086205	FOLH1	7.03804565288522	-7.92163073869446	1.64104526227068	-3.60845058624453	0.000308031167985231	0.00449996898357984
ENSG00000086991	NOX4	50.1731141904829	-10.4971733054545	1.20932103058056	-7.02640001338215	2.11930322496999e-12	7.67252549633787e-11
ENSG00000088386	SLC15A1	30.089559844896	-3.9986660879529	0.467008008934713	-4.27972550730348	1.87123954114166e-05	0.000323872889683402
ENSG00000088756	ARHGAP28	189.266942895232	-11.6138407464095	1.20991056935612	-7.94591021014526	1.92770022629116e-15	9.1848268540614e-14
ENSG00000088882	CPXM1	978.453788588648	-3.76414907231154	0.21068059509451	-8.37357171656058	5.58976410759803e-17	2.98980253768009e-15
ENSG00000089472	HEPH	27.6366361535825	-6.31559095907124	1.23787363478832	-3.48629362302333	0.000489763116558175	0.00694082242363342
ENSG00000090530	P3H2	358.805769022045	-2.86098595830931	0.168845366281862	-5.09925725099276	3.40988862396802e-07	7.17504610076317e-06
ENSG00000090539	CHRD	134.981674645727	-4.20878918820723	0.582896929381832	-3.78933062925838	0.000151053759038034	0.00230416042190399
ENSG00000091844	RGS17	917.150245172762	-3.11443794021742	0.232558615197867	-4.79207334146373	1.65066535582803e-06	3.19366187456062e-05
ENSG00000091972	CD200	63.9141871625676	-5.49783614272015	0.37888767149858	-9.23185525906788	2.65984308819183e-20	1.77834105827858e-18
ENSG00000092051	JPH4	32.5978693437959	-7.9317576256304	1.23532309800597	-4.80178637896862	1.57256405287854e-06	3.05324175184766e-05
ENSG00000093072	ADA2	173.671560034859	-5.54030454227052	0.323425016573902	-10.9462916003641	6.92239781830306e-28	6.99879745276116e-26
ENSG00000095539	SEMA4G	174.138247249242	-3.53308321675591	0.318990100836726	-4.80605264155394	1.5393938228076e-06	2.99585551361183e-05
ENSG00000099204	ABLIM1	1402.12497387093	-2.83294745951569	0.210197218469138	-3.96269496609911	7.41084431728016e-05	0.00118266804258732
ENSG00000099250	NRP1	9981.71686198085	-2.69081212936176	0.167274069031762	-4.12982199429005	3.63044214012537e-05	0.000599565349854768
ENSG00000099365	STX1B	110.295609603481	-5.62944322589966	0.527010073350856	-6.88685740449475	5.70383435136284e-12	1.97443167807823e-10
ENSG00000099617	EFNA2	21.4889377212785	-3.87660370963309	0.503760904336301	-3.7251872733266	0.000195170274451144	0.00292861386486372
ENSG00000099864	PALM	405.155924528071	-3.33636520588693	0.346112649526502	-3.86107011030986	0.000112891500889802	0.00175596057809926
ENSG00000099954	CECR2	299.170175243769	-4.28748274820304	0.486153721617373	-4.70526635195317	2.53534724054449e-06	4.82093951782892e-05
ENSG00000100077	GRK3	400.638417017681	-7.49600349445524	0.403087017491173	-13.6347817120545	2.48733993092077e-42	5.22058017653129e-40
ENSG00000100285	NEFH	363.616054518966	-8.06073448198258	1.04578996421027	-5.79536492928515	6.81727771134333e-09	1.7152850035172e-07
ENSG00000100626	GALNT16	576.981383702126	-6.03144657982657	0.315379325866155	-12.7828498864174	2.04438718202744e-37	3.45897794542826e-35
ENSG00000100678	SLC8A3	29.4874953913338	-9.97487150689016	1.27477365440537	-6.25591176859558	3.95200140259062e-10	1.1376412370895e-08
ENSG00000100767	PAPLN	603.521621868145	-5.62736828243807	0.253198644547225	-14.3261757539208	1.50164974319146e-46	3.83059298336271e-44
ENSG00000100918	REC8	2116.45239368023	-4.84073647501099	0.244613706869452	-11.6131532912302	3.53340273217284e-31	4.3078934339822e-29
ENSG00000100968	NFATC4	1141.02252647482	-5.82819689179923	0.22988512269143	-16.6526517548408	2.89485665151944e-62	1.14284805092485e-59
ENSG00000101017	CD40	117.040986818968	-7.97463675517341	0.85524009993106	-6.98591747002394	2.83000407595494e-12	1.01129951688381e-10
ENSG00000101098	RIMS4	73.6001206330023	-10.0514657470186	1.21226471391088	-6.64167294042885	3.10142564210269e-11	1.01229800338001e-09
ENSG00000101134	DOK5	75.4044308841661	-5.53576528120313	0.762942944347735	-4.63437706239747	3.58013917033361e-06	6.67742267528702e-05
ENSG00000101144	BMP7	703.866028842645	-12.4224024515055	1.19354995225081	-8.73227168402195	2.49607763706828e-18	1.4781236892939e-16
ENSG00000101188	NTSR1	444.066818716464	-9.82765072061966	1.42937764403506	-5.47626496978265	4.3439707903843e-08	1.00737593951555e-06
ENSG00000101333	PLCB4	213.039886839065	-5.05823861972946	0.339545804168629	-9.00685145327446	2.12057019535415e-19	1.36813908206876e-17
ENSG00000101335	MYL9	1002.57926032548	-3.73920361818848	0.155131636805666	-11.2111472166518	3.59503271125781e-29	3.89602858727881e-27
ENSG00000101638	ST8SIA5	2823.11636426769	-8.6626282422819	0.302080443571909	-22.0558079281815	8.40179882492054e-108	9.95073045114339e-105
ENSG00000101665	SMAD7	237.485553584766	-2.86809111512898	0.197668180730399	-4.39165834339809	1.12489367502361e-05	0.000200127274952431
ENSG00000101825	MXRA5	2768.18653737101	-11.3978416920974	0.708857485553731	-13.2577307619968	4.07026640851065e-40	7.58304351904663e-38
ENSG00000102043	MTMR8	9.15996279629562	-6.39943556015112	1.28487136116971	-3.42402803355038	0.000617002557559649	0.00856110410618958
ENSG00000102349	KLF8	89.1581691516969	-5.3748252201948	0.376339790786675	-8.96749507443869	3.03334057232982e-19	1.92704291301919e-17
ENSG00000102575	ACP5	24.3733372329924	-5.19657161189309	0.706738883379846	-4.522988174368	6.09726480365892e-06	0.000110975573775487
ENSG00000102935	ZNF423	1212.3637472177	-11.998152542246	1.07446671724741	-9.30522312302006	1.3371129493612e-20	9.19944805533529e-19
ENSG00000103449	SALL1	2274.96805301245	-6.31133802068971	0.344835428762579	-12.5025959083169	7.22527546074795e-36	1.10928048532094e-33
ENSG00000103647	CORO2B	4206.65487662951	-5.68960812608914	0.303519949127378	-12.1560646563654	5.32633409680723e-34	7.42150803858493e-32
ENSG00000103742	IGDCC4	650.210210546492	-3.22807934246555	0.255294835840242	-4.8104355045946	1.50601794060788e-06	2.93434588404457e-05
ENSG00000104059	FAM189A1	99.5651505158589	-6.03385208012404	1.1687614762143	-3.45139034971444	0.000557706319696455	0.00782345895675712
ENSG00000104290	FZD3	2633.75071190584	-4.25198319539954	0.305762156991813	-7.36514687610553	1.76951932742755e-13	7.19127450197948e-12
ENSG00000104490	NCALD	220.85053962117	-9.83429946635613	1.22108975213424	-6.41582607065795	1.40061282774559e-10	4.24562363744964e-09
ENSG00000104723	TUSC3	1859.58037853157	-9.50284016750821	0.343706434676436	-21.8292106592981	1.22517993846416e-105	1.26966928497964e-102
ENSG00000104967	NOVA2	578.695185499761	-4.28326214473023	0.186851178395974	-12.2196828745257	2.44034792172523e-34	3.45841101625009e-32
ENSG00000105048	TNNT1	215.149396052214	-5.59620118779234	0.433844259582848	-8.28915240517456	1.1405832157586e-16	5.87329512437683e-15
ENSG00000105088	OLFM2	915.36743750318	-8.37557833820017	0.517842194948266	-12.3118169982983	7.82416289000702e-35	1.1480747334443e-32
ENSG00000105419	MEIS3	795.395870472024	-5.21300150708335	0.242172713509853	-13.2673968942113	3.57794992957651e-40	6.74158952071682e-38
ENSG00000105737	GRIK5	388.403116748628	-4.28527592730438	0.234983208788885	-9.72527330392163	2.35272734104901e-22	1.79772221391399e-20
ENSG00000105825	TFPI2	1809.0177598967	-3.09371772486655	0.278005856834708	-3.93415353661716	8.34904035687703e-05	0.0013171782888428
ENSG00000105880	DLX5	290.027498380003	-13.2721987687199	1.19441909444456	-9.43738995897571	3.82180438867485e-21	2.74326140989687e-19
ENSG00000106025	TSPAN12	129.659403818441	-3.03178905154856	0.29713097058303	-3.47250591052148	0.000515623658335504	0.0072762177692434
ENSG00000106069	CHN2	13.0502941084891	-4.44859867276066	0.608993513463553	-4.02073030110723	5.80179980210188e-05	0.000936705379928444
ENSG00000106333	PCOLCE	4504.40605527079	-7.7913913606839	0.233146116566516	-24.8401793946742	3.30173634489267e-136	9.1243483891109e-133
ENSG00000106483	SFRP4	1276.11473606162	-5.29031721804964	0.30042864494018	-10.9520755542628	6.49422197041098e-28	6.60617757615856e-26
ENSG00000106624	AEBP1	3171.11699950508	-4.71029831100556	0.215285300720562	-12.589332861715	2.41707528811844e-36	3.85360820695114e-34
ENSG00000106809	OGN	438.848100066938	-11.0290030604602	0.787907005994308	-11.4594780751643	2.10781146194425e-30	2.41069917552617e-28
ENSG00000106819	ASPN	90.7838134658796	-9.06946709288016	0.892598010993361	-7.92010177684873	2.37316246490956e-15	1.12426876659044e-13
ENSG00000106823	ECM2	208.452342843397	-4.25513491029197	0.442808243125382	-5.09280246089146	3.52809239466779e-07	7.40497468303629e-06
ENSG00000106829	TLE4	1344.35815177184	-3.51201285058264	0.206880478725113	-7.30862989055478	2.69879986440999e-13	1.07828435064535e-11
ENSG00000107105	ELAVL2	11.5832303832272	-8.2052924095582	1.30676071789272	-4.74860647752317	2.04823043843434e-06	3.92167539257272e-05
ENSG00000107731	UNC5B	319.534812092045	-4.98579097889982	0.817933035221308	-3.65041005843707	0.000261821981050057	0.00386234009589946
ENSG00000107796	ACTA2	2310.49848118697	-4.82497964666603	0.235584066322179	-11.9913867298761	3.94249107290464e-33	5.31467028291316e-31
ENSG00000107831	FGF8	51.0746362475661	-10.7797037755118	2.24246630152968	-3.9151998714642	9.03293467434636e-05	0.00142101603259333
ENSG00000108018	SORCS1	7.47775335916866	-7.96661878421228	1.62390596432539	-3.6742390971456	0.000238559265951836	0.00354440070676289
ENSG00000108370	RGS9	104.48288236536	-3.36451911067384	0.258905865758933	-5.27032906988807	1.361793915369e-07	3.00264692961881e-06
ENSG00000108821	COL1A1	17361.8681928811	-4.38216877749532	0.286564821054638	-8.3128444333407	9.34349713129585e-17	4.90267487132964e-15
ENSG00000108947	EFNB3	361.30257556062	-4.35808239903422	0.260542565552819	-9.0506608547085	1.42105667507496e-19	9.20411747242887e-18
ENSG00000109339	MAPK10	572.765725847074	-3.7104488993644	0.352197771993969	-4.85650119159099	1.1947806279412e-06	2.35280969024858e-05
ENSG00000109854	HTATIP2	389.771930217693	-3.7317109704604	0.461618755246523	-3.75138780818296	0.000175858442593534	0.00265082621513036
ENSG00000109906	ZBTB16	95.5857044688682	-9.72167037824748	1.08936979258842	-7.08819946246193	1.35868054044169e-12	5.06194698674517e-11
ENSG00000110042	DTX4	262.595869945627	-3.28331292601613	0.326382574296238	-3.93192843944955	8.42671524196468e-05	0.00132816887288038
ENSG00000110427	KIAA1549L	688.596960441102	-6.99255994875576	0.559622580426279	-8.92129825239146	4.60853673052638e-19	2.88355273693804e-17
ENSG00000110693	SOX6	230.07990777402	-5.78182067783484	0.329453862872026	-11.4790600567457	1.68097982326062e-30	1.96283989080876e-28
ENSG00000110900	TSPAN11	153.07718970817	-3.97675360774593	0.426269919887201	-4.63732840513123	3.52941403323717e-06	6.59022681138575e-05
ENSG00000111052	LIN7A	738.771187014821	-3.6917547260181	0.288486944542772	-5.8642332279521	4.51212890254717e-09	1.15456187242492e-07
ENSG00000111077	TNS2	1231.89110800061	-3.0835376425696	0.281751314618751	-3.84572346729163	0.000120197261564836	0.00186086908870826
ENSG00000111087	GLI1	115.307430345843	-5.88892670998687	0.54127030528589	-7.18481444854583	6.7298521528624e-13	2.56523398957727e-11
ENSG00000111341	MGP	439.458276926323	-8.78234025059051	0.520681432799616	-13.0258922699106	8.71760222203546e-39	1.53772938769755e-36
ENSG00000111348	ARHGDIB	36.5371648548819	-4.78884228729888	0.79473940550763	-3.50912798330107	0.000449578511250246	0.00640417637030956
ENSG00000111728	ST8SIA1	271.510316027955	-3.21884170786741	0.357125612902804	-3.41292157109753	0.000642704356912405	0.0088510639052862
ENSG00000111783	RFX4	224.259570622597	-4.94941377964971	0.28827242201437	-10.2313421417144	1.43516421650172e-24	1.29328575401168e-22
ENSG00000111817	DSE	937.109004660124	-2.52720227312587	0.150942479597728	-3.49273626967635	0.00047809843737636	0.00679293075418802
ENSG00000112175	BMP5	138.974575960499	-8.51203197531944	1.20964845425711	-5.38340866918953	7.30883401259423e-08	1.66678864574419e-06
ENSG00000112320	SOBP	331.046354502503	-9.50271342232989	0.749974781352219	-10.003954278039	1.46430504260438e-23	1.22005624941214e-21
ENSG00000112559	MDFI	299.809440448755	-6.83252321732885	0.854993381739368	-5.65211768949338	1.58483013005126e-08	3.84744778717131e-07
ENSG00000112769	LAMA4	3900.67924402811	-4.29067010274455	0.234025853461059	-9.78810703547208	1.26644604818453e-22	9.90516128535271e-21
ENSG00000112782	CLIC5	795.922534020565	-8.65928472205288	0.384619413656631	-17.3139589048356	3.69138551753497e-67	1.91271447707023e-64
ENSG00000112796	ENPP5	51.9966625973441	-10.4765058206549	1.20438410895325	-7.03804189846213	1.94960071582606e-12	7.10468779540921e-11
ENSG00000112837	TBX18	24.9253982505217	-9.54330537059584	1.25974380705963	-5.98796781402933	2.12479096300144e-09	5.62798066414166e-08
ENSG00000112902	SEMA5A	1072.53030996957	-4.81896588954769	0.186876914272412	-15.0846127812152	2.04470669033232e-51	6.3968455910189e-49
ENSG00000113083	LOX	4623.05717595826	-6.31904844161971	0.299096154347394	-14.4403342498454	2.88439930501844e-47	7.59146426611283e-45
ENSG00000113100	CDH9	14.5970833798514	-6.04411874705682	1.05178232761957	-3.84501492453252	0.000120545101527711	0.00186451336607367
ENSG00000113319	RASGRF2	848.151677829452	-7.59182327081095	0.299216749345527	-18.6882027260903	6.17587026167532e-78	4.09608419235354e-75
ENSG00000113494	PRLR	46.8616495877084	-6.9745714943103	0.630634429755765	-7.88820156272927	3.06572330525553e-15	1.43595361933452e-13
ENSG00000113532	ST8SIA4	406.151046318582	-3.99278121469678	0.325726845743813	-6.11795202248734	9.4785592747576e-10	2.62816039021331e-08
ENSG00000113594	LIFR	2799.72895829504	-2.83635586902801	0.17055208570949	-4.90381495804525	9.39930385481948e-07	1.87997415219254e-05
ENSG00000113657	DPYSL3	34717.6921993335	-3.37604844797775	0.275543224181522	-4.993947690295	5.91574268913305e-07	1.21097443862364e-05
ENSG00000113721	PDGFRB	1090.186595405	-4.14541092861104	0.38653790883976	-5.55032476646532	2.85139395094307e-08	6.72531480804937e-07
ENSG00000114251	WNT5A	787.777486108208	-6.8990131814706	0.360860628102707	-13.5759149099421	5.56445138783644e-42	1.13906380816933e-39
ENSG00000114631	PODXL2	397.490448258521	-3.73851434772212	0.301660015227236	-5.76315805862611	8.25544151231098e-09	2.06149812824741e-07
ENSG00000114861	FOXP1	345.48891339499	-4.84369369013148	0.32518570373155	-8.74482997714756	2.23351716121904e-18	1.33215640468248e-16
ENSG00000115414	FN1	50326.0172402862	-5.29465489607387	0.204253920747332	-16.130191694824	1.565338367476e-58	5.89883533434536e-56
ENSG00000115457	IGFBP2	9762.05223631173	-4.86271543923361	0.200988358277937	-14.2431903208787	4.94184509222675e-46	1.22299602200316e-43
ENSG00000115525	ST3GAL5	529.143099315201	-4.12539083071289	0.226933370647115	-9.36570423579485	7.55448008451003e-21	5.35302710603679e-19
ENSG00000115594	IL1R1	564.069921066944	-3.93730199326684	0.247023216204243	-7.84259076144909	4.41344511205887e-15	2.05559925289461e-13
ENSG00000115844	DLX2	68.8319898876839	-3.67505169343562	0.377938280155037	-4.43207735598649	9.33295199482236e-06	0.000167478005439556
ENSG00000116032	GRIN3B	20.0177899235036	-4.08789539525969	0.563537049621755	-3.70498336650816	0.00021140460508371	0.00315874343221006
ENSG00000116132	PRRX1	3194.98355526412	-5.00213551779133	0.265022795418379	-11.3278388489261	9.55328338963301e-30	1.06310732807721e-27
ENSG00000116194	ANGPTL1	595.294975626632	-8.14052712128306	0.289353817814739	-21.2215175443601	6.04414823818193e-100	5.27463273354182e-97
ENSG00000116774	OLFML3	1135.27755103558	-5.37562228709108	0.437601255476694	-7.71392276608963	1.22008324855841e-14	5.48243911770922e-13
ENSG00000117069	ST6GALNAC5	372.519988643081	-6.27639261003801	0.463693377236253	-9.22245781366677	2.90366768676906e-20	1.92582855657271e-18
ENSG00000117122	MFAP2	351.227942830984	-3.73931043141978	0.295949665629703	-5.87704813830076	4.1764678751532e-09	1.07364362539403e-07
ENSG00000118292	C1orf54	69.1090275734225	-4.57335210746108	0.355270083887092	-7.24336842355383	4.37675843839477e-13	1.70755368628291e-11
ENSG00000118473	SGIP1	19.0572271846428	-7.97903801901905	1.24541338590703	-4.80084611798558	1.57996644611312e-06	3.06402615707621e-05
ENSG00000118507	AKAP7	420.75796561821	-3.7303294715709	0.248971002948327	-6.94992369022998	3.65483855091438e-12	1.28391690704897e-10
ENSG00000118526	TCF21	39.4971477791621	-7.47191749155164	0.824359199035161	-6.63778301734976	3.18436149078782e-11	1.03529211526966e-09
ENSG00000118596	SLC16A7	70.0745185679086	-3.88547817916473	0.383253462690791	-4.91966378053559	8.66930008109712e-07	1.74237169266268e-05
ENSG00000118849	RARRES1	155.656116666788	-3.95740783755529	0.572746020128727	-3.41758435460687	0.000631795120845367	0.00873711000728693
ENSG00000118971	CCND2	443.066917569072	-7.85502570842158	0.531131580148101	-11.023682129368	2.93790085013171e-28	3.02567291900832e-26
ENSG00000119681	LTBP2	2650.78224076695	-3.14440182438553	0.151346129691039	-7.56148721293195	3.98486598190876e-14	1.71173737943081e-12
ENSG00000119699	TGFB3	388.289435547036	-4.10520369917883	0.344225331069427	-6.11577216772065	9.60905286332905e-10	2.65989491697594e-08
ENSG00000119865	CNRIP1	334.321910422641	-4.4484189802356	0.315212641150705	-7.76751519640037	8.00407390082426e-15	3.65607573965749e-13
ENSG00000119866	BCL11A	117.779166795056	-4.25883340801943	0.398603821439809	-5.66686340301562	1.45435191114243e-08	3.55672699685141e-07
ENSG00000120251	GRIA2	108.955391014042	-6.89275984597198	0.786360052566329	-6.22203509703244	4.90747217333229e-10	1.39812364443338e-08
ENSG00000120594	PLXDC2	1048.88606676634	-13.9304653928119	1.2046554725096	-9.90363275232354	4.01422950000684e-23	3.21545600674461e-21
ENSG00000120658	ENOX1	249.826190240367	-5.35927790574967	0.407466245589078	-8.24430966273816	1.66116450389493e-16	8.43734437525905e-15
ENSG00000120820	GLT8D2	138.848425673589	-4.03689862484947	0.398824677958435	-5.10725323035741	3.26875560788017e-07	6.88681534107512e-06
ENSG00000121440	PDZRN3	563.354449574405	-6.00270144022072	0.365025910923537	-10.9655268857316	5.59735732076299e-28	5.72899887256612e-26
ENSG00000121769	FABP3	130.708133273732	-3.91506908768341	0.537289368880164	-3.56431598800262	0.000364806268632791	0.00526444973037451
ENSG00000121871	SLITRK3	341.95203358373	-4.83254097510955	0.278585466175143	-10.1675834493418	2.76687938031663e-24	2.45334903770215e-22
ENSG00000122584	NXPH1	39.2904432841244	-7.43753702548456	0.765766566965792	-7.10077621569428	1.24058119922547e-12	4.63290019467513e-11
ENSG00000122585	NPY	279.142268939892	-12.2854841731495	1.25331224926178	-8.20664138502423	2.27461658681347e-16	1.13259512390253e-14
ENSG00000122691	TWIST1	501.688383454928	-10.7996721254504	1.2187135449401	-7.22045977250783	5.1812095650906e-13	2.00255561302488e-11
ENSG00000123243	ITIH5	54.6087297560684	-8.79532376467577	1.10686982052778	-6.13922580474332	8.29246237616282e-10	2.31867316457261e-08
ENSG00000123342	MMP19	259.270739610269	-3.55975823466441	0.217705018002823	-7.16454884215935	7.80431407337749e-13	2.96117463731515e-11
ENSG00000123384	LRP1	32158.1403416534	-6.60699730801068	0.330443862144354	-13.9418456076455	3.52700238898284e-44	7.6948982383848e-42
ENSG00000123453	SARDH	68.669912595856	-7.3944111303373	1.22298545210924	-4.41085470071108	1.02963393990356e-05	0.00018377137091002
ENSG00000123560	PLP1	1537.93445293897	-3.9994312542108	0.465525223019494	-4.29500090508969	1.74692623891596e-05	0.000303943168598799
ENSG00000124212	PTGIS	250.86277956381	-11.9779294244803	1.2019612895194	-8.30137335659951	1.02914717921878e-16	5.36612873541714e-15
ENSG00000124249	KCNK15	48.8452336438993	-6.23412972127946	0.799879340594382	-5.29346053385142	1.20023153713595e-07	2.67128041842297e-06
ENSG00000124440	HIF3A	567.71259385486	-13.2839319425511	1.19307364425402	-9.45786707878077	3.14288465099368e-21	2.26574653904896e-19
ENSG00000124882	EREG	31.2912789450537	-5.07891430274918	0.565191699191122	-5.44755754048687	5.10661977498666e-08	1.17473137163531e-06
ENSG00000125089	SH3TC1	133.726171410966	-3.10520383542353	0.317529499220192	-3.48063357306252	0.000500229328819707	0.00707704991566516
ENSG00000125869	LAMP5	119.421426038146	-6.56778563922577	1.04050623710812	-4.38996468865098	1.13369068755355e-05	0.000201476155308954
ENSG00000125965	GDF5	66.497822738273	-3.73251913826779	0.442725251803941	-3.91330544442274	9.10412562827591e-05	0.00143085788665823
ENSG00000127083	OMD	257.141247123263	-10.2419992654958	0.816851116480785	-10.0899651101716	6.11912639087394e-24	5.22996055088045e-22
ENSG00000127152	BCL11B	22.3259742123178	-9.58272569241706	1.23490973384227	-6.14030765538167	8.2361808276793e-10	2.30682625513092e-08
ENSG00000127399	LRRC61	45.4486659145507	-4.7959056244062	0.50931209469778	-5.48957241250134	4.02907913870269e-08	9.36972807837718e-07
ENSG00000127585	FBXL16	328.041955802591	-3.06440603949523	0.25829504764941	-4.12089217033684	3.77408046204194e-05	0.000622047993450471
ENSG00000127951	FGL2	45.0295324783203	-5.24975711652439	0.461787766251402	-7.03733912854501	1.95945554052194e-12	7.12494129767419e-11
ENSG00000128052	KDR	3540.97582899522	-6.60382223712615	0.491751227927302	-9.36209606741796	7.81702701927932e-21	5.49212394096061e-19
ENSG00000128285	MCHR1	93.4059804749052	-5.95513065341893	0.602006503421717	-6.56991349917076	5.03444997858257e-11	1.60840491512288e-09
ENSG00000128482	RNF112	191.617393379996	-4.3424444837685	0.366731768162653	-6.38735088455596	1.68784056570241e-10	5.0883789854385e-09
ENSG00000128512	DOCK4	1126.19875662734	-5.93736809968368	0.260121759352002	-15.1366348954897	9.28443745229731e-52	2.96048571916426e-49
ENSG00000128564	VGF	1448.89123042389	-3.76532586950544	0.512119270213201	-3.44709908840282	0.000566640714592739	0.00794150521152194
ENSG00000128573	FOXP2	22.4866190452311	-7.76097933413316	1.22681506593561	-4.69588244723718	2.65458180926293e-06	5.02461426705349e-05
ENSG00000128591	FLNC	8153.71212842561	-10.8671809419522	0.404297947482966	-21.9322927488416	1.2782188584962e-106	1.4129431261817e-103
ENSG00000128610	FEZF1	723.460833149767	-5.91189339412729	0.409563164102803	-9.55137995062804	1.27980066166598e-21	9.34818271853905e-20
ENSG00000128656	CHN1	3618.0181884549	-3.61227552539718	0.23719567043472	-6.79723842531477	1.06643530724609e-11	3.61606622279089e-10
ENSG00000129009	ISLR	86.1287097339677	-7.96135665097803	0.798183436979123	-7.46865491664412	8.10186959281805e-14	3.41824681217598e-12
ENSG00000129244	ATP1B2	334.528086718756	-5.37028154993427	0.657021914413785	-5.12963338968889	2.90306999763319e-07	6.15547361007108e-06
ENSG00000129295	LRRC6	34.2098026833049	-3.98247219146879	0.544529678195811	-3.64070549476259	0.000271892000707138	0.00399666778699029
ENSG00000130055	GDPD2	120.954003451008	-5.7651463795159	0.809177048444681	-4.65305632031073	3.27050871825308e-06	6.1274920968762e-05
ENSG00000130226	DPP6	52.3546516902755	-4.45735333691809	0.5915074104553	-4.15439146405046	3.2615438447939e-05	0.000544608846833109
ENSG00000130477	UNC13A	863.409732700387	-7.56732983128509	0.702764479250349	-7.92204215731543	2.33641062664219e-15	1.11002935817633e-13
ENSG00000130592	LSP1	128.162242097856	-7.59810376685777	1.22989632012724	-4.5516875489786	5.32173283683552e-06	9.76102346986391e-05
ENSG00000130635	COL5A1	5278.79748415687	-8.88749712543796	0.309750693121223	-22.2356148941448	1.55424704097188e-109	2.1475808488629e-106
ENSG00000130707	ASS1	2867.79057069152	-4.70342276528635	0.493198311257289	-5.48141123677945	4.21946409059799e-08	9.7987302641744e-07
ENSG00000130720	FIBCD1	281.13043954638	-4.09310145101704	0.390251524326301	-5.36346771388122	8.16392496274955e-08	1.84926283889823e-06
ENSG00000131080	EDA2R	390.626495174238	-3.87747364112355	0.459525023255232	-4.08568314261474	4.39473192856882e-05	0.000718629685479286
ENSG00000131196	NFATC1	230.668719634373	-7.69662896842413	0.544914390586923	-10.4541723742849	1.40217587288443e-25	1.30615045776948e-23
ENSG00000131378	RFTN1	1092.69829246263	-7.83784452777115	0.272135311630089	-21.4519919991364	4.37509797758475e-102	4.26726468037252e-99
ENSG00000131409	LRRC4B	479.814510818117	-8.13243592904735	0.534966178860073	-11.463221735091	2.01863381073246e-30	2.34062707802482e-28
ENSG00000132199	ENOSF1	852.939710452554	-3.32698565197001	0.312330191099845	-4.24866276070572	2.1505037327668e-05	0.000369125283571493
ENSG00000132205	EMILIN2	549.960453389323	-8.5205810920274	1.22517940275356	-5.32214390592312	1.02551393508334e-07	2.2916504794632e-06
ENSG00000132321	IQCA1	21.2231140907507	-6.74947308040476	1.23548379277739	-3.84422127442711	0.000120935849513059	0.00186881390566266
ENSG00000132329	RAMP1	466.320413845483	-4.61536719298871	0.372639360739227	-7.01849420254598	2.24272060307981e-12	8.10164494981836e-11
ENSG00000132386	SERPINF1	1778.77841757582	-6.25687743291527	0.297064917881575	-14.3297884626426	1.42554152874909e-46	3.69326626377947e-44
ENSG00000132793	LPIN3	97.8755020063521	-4.80846543529611	0.449061166213642	-6.25408217543349	3.99860440466132e-10	1.14906169209167e-08
ENSG00000132821	VSTM2L	62.4653580198114	-3.65658866087492	0.405878929006796	-4.08148475440365	4.47489134723677e-05	0.00073101648698062
ENSG00000133019	CHRM3	655.684179644598	-2.98736893492153	0.260767098467854	-3.78640150817663	0.000152844637797986	0.00232933542217685
ENSG00000133056	PIK3C2B	328.192580486721	-5.07632073811403	0.37192822336378	-8.27127532912475	1.32533588578912e-16	6.80352765395336e-15
ENSG00000133107	TRPC4	35.9557736238589	-4.03899871801926	0.487681465868716	-4.18100514520714	2.90223296130772e-05	0.000487557494746134
ENSG00000133110	POSTN	6019.81397545165	-5.14578209229892	0.28993669789333	-10.8498928047262	1.99659367772388e-27	1.97056665299641e-25
ENSG00000133216	EPHB2	2642.15973762984	-4.01211707622801	0.164059609081246	-12.2645487667325	1.40392184576987e-34	2.04196737936055e-32
ENSG00000133640	LRRIQ1	35.0279041311852	-5.69739910997041	0.712993015153939	-5.18574380307516	2.15154415544288e-07	4.6151039639584e-06
ENSG00000134115	CNTN6	6.00665721116666	-7.06081250089478	1.3248482671578	-3.81991857207297	0.000133495737822841	0.00205142986917566
ENSG00000134259	NGF	11.192007988297	-7.16738784476921	1.41348335748754	-3.65578258661228	0.000256398591509913	0.00378907758094997
ENSG00000134369	NAV1	2232.78967296163	-5.18087658290446	0.211914969889627	-15.0101551795099	6.30001440969272e-51	1.9344544245762e-48
ENSG00000134463	ECHDC3	43.3191398144132	-7.38137840824162	1.2228844617292	-4.40056160385927	1.07971068261543e-05	0.000192295196868382
ENSG00000134533	RERG	91.8719287884282	-9.69065308643547	1.05417189096323	-7.29544503354975	2.97673484970194e-13	1.18647212843529e-11
ENSG00000134569	LRP4	1231.2361151617	-4.85684232814312	0.287708711649982	-9.92963442698486	3.09387736973542e-23	2.49027090619335e-21
ENSG00000135269	TES	207.808351230067	-8.85912225567963	0.887078576842117	-7.73226006663041	1.05653824118724e-14	4.77342250057917e-13
ENSG00000135439	AGAP2	317.734623373084	-3.58380529082978	0.22419620496824	-7.06437154479997	1.61344515610781e-12	5.94500758520526e-11
ENSG00000135905	DOCK10	806.182029852348	-5.89959576205115	0.294272927708698	-13.2516293374815	4.41512483537898e-40	8.13413165504654e-38
ENSG00000136098	NEK3	143.152541201445	-4.03723451443277	0.262879557427154	-7.74968785846842	9.21187061443146e-15	4.17327941688219e-13
ENSG00000136378	ADAMTS7	255.037093457638	-6.03597774791267	0.515044549611609	-7.8361721349273	4.64489010451668e-15	2.15733677375325e-13
ENSG00000136490	LIMD2	286.887228573901	-2.98709152920929	0.176408324828004	-5.59549290075566	2.19995850555985e-08	5.25612564563227e-07
ENSG00000136531	SCN2A	212.127684038408	-3.71944242771758	0.266968609886856	-6.44061647714424	1.18989198824737e-10	3.65362945502401e-09
ENSG00000136859	ANGPTL2	1017.13262199367	-5.37431108787695	0.200222852595068	-16.8527770139264	1.00101757150552e-63	4.14946808828326e-61
ENSG00000136960	ENPP2	99.4843213843464	-7.88493555065825	0.567076873144928	-10.3776680541057	3.13335256371596e-25	2.88633993660968e-23
ENSG00000137486	ARRB1	583.67572301988	-7.237935498761	0.515365410527962	-10.1635371558891	2.88418865544699e-24	2.54376234553013e-22
ENSG00000137558	PI15	3112.48323609914	-7.81979390154078	0.450784136534315	-12.9103786710067	3.9336186058731e-38	6.86561369515599e-36
ENSG00000137571	SLCO5A1	410.448901544526	-3.30221667923706	0.259230141387719	-5.0233999498129	5.07646754576715e-07	1.04953751092724e-05
ENSG00000137573	SULF1	529.556177059249	-12.8497293052998	1.21933382866955	-8.89807946781746	5.6821330018672e-19	3.54193410917143e-17
ENSG00000137726	FXYD6	918.696535853937	-11.3301817599456	0.739288602563467	-12.6204864075997	1.62812533789373e-36	2.6466613948643e-34
ENSG00000137731	FXYD2	4.68015840938893	-6.96053565732602	1.46597733910411	-3.38377376307707	0.000714968899344881	0.00977320636441671
ENSG00000137809	ITGA11	672.358051337042	-7.25193620459434	0.498175607116392	-10.5423391462186	5.51108013156134e-26	5.22166969493821e-24
ENSG00000137819	PAQR5	39.0908291785723	-3.94588255344658	0.400340526671374	-4.86056850058523	1.17049132703115e-06	2.31046627303613e-05
ENSG00000137831	UACA	2327.41206652357	-2.95298122453934	0.20101981959564	-4.74073266236286	2.12946760248158e-06	4.05847153066058e-05
ENSG00000137868	STRA6	1154.30621167059	-12.8255652287229	0.895216667607608	-12.0926761313027	1.15463404983481e-33	1.58223034548025e-31
ENSG00000137872	SEMA6D	607.94296477929	-3.23767462966876	0.312696258729738	-3.95807303450494	7.55568569252166e-05	0.00120462331218944
ENSG00000137968	SLC44A5	698.184094006658	-7.50395386484569	0.648003952721337	-8.49370415370378	2.00153409972594e-17	1.10257265473608e-15
ENSG00000138080	EMILIN1	3260.37136098674	-9.46270732864365	0.355694615828111	-20.9806586789888	9.8519407289621e-98	8.16775146134603e-95
ENSG00000138083	SIX3	618.89861134912	-8.60952156853753	0.294240266416158	-22.4630083742154	9.54984069531504e-112	1.75939898410021e-108
ENSG00000138316	ADAMTS14	1730.12530558565	-8.77840319459084	0.567664232833386	-11.9408671579637	7.24637441620704e-33	9.61217073561031e-31
ENSG00000138435	CHRNA1	406.009376839922	-7.59808883250001	0.380496888909734	-14.7125745194412	5.35314134433124e-49	1.5303523556958e-46
ENSG00000138650	PCDH10	256.770384494621	-3.17407135037697	0.26146736754605	-4.49031694240082	7.111727228353e-06	0.000128452667944794
ENSG00000138653	NDST4	55.6803596240515	-9.30670306028499	1.22146332193706	-5.98192588271718	2.20514616012604e-09	5.82221791099521e-08
ENSG00000138675	FGF5	20.9993338140092	-8.11669070031704	1.28459646820571	-4.76156587045631	1.92096575823167e-06	3.69079180037535e-05
ENSG00000138696	BMPR1B	308.550252187394	-4.22264622074085	0.21906283363677	-10.146158450713	3.44664543570048e-24	3.00783305101841e-22
ENSG00000138722	MMRN1	31.9545585672158	-8.5843659995021	1.31227602074485	-5.01751605257923	5.2343829195045e-07	1.08083814680329e-05
ENSG00000138759	FRAS1	121.977725105445	-3.77235888093881	0.354579818800862	-4.99847646979084	5.7785056453132e-07	1.18833029306888e-05
ENSG00000138829	FBN2	11062.5162408638	-3.1875103905714	0.318082188953788	-3.73334449966303	0.000188953868693077	0.00283790226159413
ENSG00000138944	SHISAL1	229.507705754368	-9.75026235644704	1.19329760416787	-6.49482771890049	8.31284843601622e-11	2.60558298520954e-09
ENSG00000139155	SLCO1C1	67.342981907119	-10.1873815725713	1.25687813946299	-6.51406155895862	7.31454976221068e-11	2.29701798498514e-09
ENSG00000139200	PIANP	449.500389053515	-2.99887668785866	0.249643480214674	-4.00121279754513	6.30186519269437e-05	0.00101447792970937
ENSG00000139219	COL2A1	53.6551690173819	-7.32562885544857	0.712367116478904	-7.47596110524044	7.6641624134087e-14	3.24182339226351e-12
ENSG00000139329	LUM	742.561810579189	-7.055494566022	0.376650713584422	-13.422235465615	4.47992624295579e-41	8.84305440886309e-39
ENSG00000139629	GALNT6	361.558771667287	-3.87124252072892	0.291290781519094	-6.42396752471983	1.32767539486397e-10	4.03190214693031e-09
ENSG00000139687	RB1	798.38862725409	-3.31366287665798	0.17232099361404	-7.62334785278854	2.47179604048841e-14	1.08425529490313e-12
ENSG00000139800	ZIC5	257.511819742723	-9.96016218160915	0.858601301901369	-9.27108095920819	1.84268842951329e-20	1.2521974118754e-18
ENSG00000139970	RTN1	946.773960711995	-5.50419783367126	0.810096702480343	-4.32565374348785	1.52080153366495e-05	0.00026684031989099
ENSG00000140092	FBLN5	256.292885343744	-9.45576840814932	0.774942974248357	-9.621054265807	6.51598451810315e-22	4.82328300422627e-20
ENSG00000140379	BCL2A1	27.8143942446544	-8.94042735307371	1.29611269479903	-5.35480238788177	8.56499714439735e-08	1.93219343743201e-06
ENSG00000140481	CCDC33	25.0612149671983	-6.26490794023448	0.730411634214541	-5.83904710775974	5.25002250047796e-09	1.33924035508346e-07
ENSG00000140563	MCTP2	38.3957378302947	-7.29121146455519	0.762541932996148	-6.93891212482595	3.95130807493819e-12	1.38220757785971e-10
ENSG00000140848	CPNE2	1853.79964516407	-3.17581921682869	0.202475310278847	-5.80722269401323	6.35176297730674e-09	1.6030225559623e-07
ENSG00000140937	CDH11	3499.25601954808	-5.39944486665946	0.256001388183827	-13.2790095037236	3.06420524392294e-40	5.83995254591796e-38
ENSG00000141431	ASXL3	64.2682477725247	-6.30718798941559	0.500461381636358	-8.60643427737097	7.53683293287642e-18	4.26512719658785e-16
ENSG00000141441	GAREM1	718.401485248847	-3.97576328828852	0.316303496548621	-6.24641621052965	4.19977146027655e-10	1.20478219001463e-08
ENSG00000141449	GREB1L	568.973691930343	-7.54191114038792	0.326751329856155	-16.9606383632092	1.60590250201416e-64	7.0072287857623e-62
ENSG00000141540	TTYH2	250.842490791633	-4.04843375137192	0.387936188966763	-5.28033684309722	1.28946604998896e-07	2.86220034469436e-06
ENSG00000142303	ADAMTS10	815.68362177742	-5.69193086817854	0.266428774122794	-13.8571026359074	1.15232460913724e-43	2.48138887585774e-41
ENSG00000142606	MMEL1	15.6426373920558	-6.83299937054151	1.14031830467449	-4.23828973956627	2.25228981016822e-05	0.000384605739880528
ENSG00000142611	PRDM16	125.83721662483	-5.99414852915736	0.63351151509068	-6.30477652578366	2.88610012610629e-10	8.47719520253415e-09
ENSG00000143318	CASQ1	9.24700317260556	-6.00764537910158	1.12712819155197	-3.5556251801167	0.000377081349795662	0.00543685727040163
ENSG00000143320	CRABP2	289.932718895473	-4.74902204097453	0.317257138700294	-8.66496512020639	4.51651254656112e-18	2.61847183687168e-16
ENSG00000143341	HMCN1	182.722325387202	-4.75279450414655	0.505331299766346	-5.44750444989135	5.10814377268594e-08	1.17473137163531e-06
ENSG00000143416	SELENBP1	414.512729026491	-4.13096013498465	0.337821142427509	-6.30795372862703	2.82748712544645e-10	8.32727602611502e-09
ENSG00000143473	KCNH1	203.326168438502	-5.84646018429359	0.433751314371222	-8.86789286130354	7.45429979064003e-19	4.61193077718665e-17
ENSG00000143850	PLEKHA6	214.183180414883	-4.29569513700264	0.398135400584121	-5.76611658655455	8.11189539885513e-09	2.02870795789468e-07
ENSG00000144285	SCN1A	104.300777126534	-11.0959122985252	1.36298598624866	-6.67351857634266	2.49741954012378e-11	8.21621297515723e-10
ENSG00000144355	DLX1	239.376734463842	-2.72949736605464	0.171723955564258	-4.24808154259914	2.15608922290731e-05	0.000369701296846186
ENSG00000144406	UNC80	372.521668462094	-7.32059944649462	0.824775772932212	-6.45096476049366	1.11140343549556e-10	3.42531233530704e-09
ENSG00000144476	ACKR3	187.163000275953	-7.71964814805075	1.19473125562409	-4.78739308202245	1.68961698723238e-06	3.26521436658508e-05
ENSG00000144596	GRIP2	132.38082211876	-8.14545743484338	0.949813839831695	-6.47017044511832	9.78924316298916e-11	3.03393347449576e-09
ENSG00000144730	IL17RD	2782.73554547988	-3.68646432913939	0.189807276429727	-8.88514055341696	6.38400073688662e-19	3.96453618795195e-17
ENSG00000144810	COL8A1	1548.42087601739	-3.13722803311427	0.317167389427247	-3.58557679958184	0.000336334003213597	0.00489188956779355
ENSG00000144834	TAGLN3	227.364814759044	-4.08337014663932	0.282828560887353	-7.36619434792195	1.75567819215246e-13	7.15255530812774e-12
ENSG00000145147	SLIT2	1846.7377460411	-9.84158908819263	0.3143105076041	-24.9485425987405	2.21457801913601e-137	7.34398362705883e-134
ENSG00000145335	SNCA	276.881780802222	-7.4324247229521	0.501384021256374	-10.8348580980692	2.35329980903661e-27	2.29529789021389e-25
ENSG00000145358	DDIT4L	23.4325728883816	-3.94884898621981	0.458089325001258	-4.25429906321099	2.0970487418885e-05	0.000360696734328354
ENSG00000145506	NKD2	23.0544450918004	-7.41330415202898	1.08570314310602	-4.9859892056151	6.16455862989863e-07	1.26035199312391e-05
ENSG00000145794	MEGF10	457.802103997209	-6.13233679582791	0.684055044529399	-6.04094192254774	1.53217126147808e-09	4.13761102387103e-08
ENSG00000145934	TENM2	6300.83073653372	-6.76745603876879	0.355593332678738	-13.4070456351215	5.49859597495968e-41	1.07261435130361e-38
ENSG00000146006	LRRTM2	231.01857401802	-5.15238709882539	0.409755088733702	-7.69334459900782	1.43337775919222e-14	6.38893457665758e-13
ENSG00000146122	DAAM2	74.8519014551685	-7.53206420416316	0.674450830020842	-8.20232396184049	2.35783864276825e-16	1.17051863879462e-14
ENSG00000146151	HMGCLL1	22.7925211687271	-8.18556807133169	1.22566643663532	-5.04669776902123	4.49511566695759e-07	9.36350664244017e-06
ENSG00000146242	TPBG	2043.43559500941	-3.3847468477565	0.261303417874648	-5.29938283631937	1.16194769991367e-07	2.58955037799308e-06
ENSG00000146411	SLC2A12	1223.18429985859	-3.32086911670793	0.254197883288181	-5.19622390093028	2.03377288296229e-07	4.37947898342828e-06
ENSG00000146674	IGFBP3	6998.08431600551	-3.73113482552126	0.245437010828692	-7.05327537878769	1.74754512436358e-12	6.38238892226269e-11
ENSG00000147027	TMEM47	526.566432327584	-3.44560108756888	0.230255888923057	-6.27823720092536	3.42433222312604e-10	9.9612022090619e-09
ENSG00000147119	CHST7	756.599681397676	-4.02348314901505	0.290726680486352	-6.96008754899964	3.40061341277585e-12	1.1996929999412e-10
ENSG00000147144	CCDC120	146.288198280983	-7.55619157429207	0.681539061908741	-8.15241837897188	3.56717704695212e-16	1.73962831222098e-14
ENSG00000147459	DOCK5	2841.83796586255	-8.10013933775067	0.28509728537214	-21.3966938681584	1.43424690608629e-101	1.32118044165649e-98
ENSG00000147481	SNTG1	44.0983085295787	-6.29225129902274	1.07994963113772	-3.97449212006386	7.05295971305391e-05	0.00113318919575724
ENSG00000147872	PLIN2	410.389721581942	-3.64547848065037	0.18383222930411	-8.95097930803137	3.52342422416268e-19	2.22900449865955e-17
ENSG00000148180	GSN	8202.50519801205	-3.01499321391605	0.267778587846848	-3.79041962270917	0.000150392994893311	0.00229619359882688
ENSG00000148204	CRB2	714.68816685707	-8.29705162818794	0.470549576724734	-13.3823340614153	7.67003755851894e-41	1.4788010785791e-38
ENSG00000148344	PTGES	397.765396903795	-5.64176392905476	0.561103876123051	-6.49035603570866	8.56337606404559e-11	2.67399884214576e-09
ENSG00000148426	PROSER2	72.368604838772	-5.29467329837259	0.341526673397273	-9.64689892475874	5.06646702423861e-22	3.80122577958825e-20
ENSG00000148541	FAM13C	108.264587774797	-4.46940535491828	0.303686747084929	-8.13142285141499	4.2428051758221e-16	2.0630484639386e-14
ENSG00000148700	ADD3	2828.4512953051	-3.21097146234245	0.265421828674631	-4.56244110889208	5.05622784269431e-06	9.29460242347166e-05
ENSG00000148704	VAX1	460.188247323737	-12.9099876711388	1.25054731145914	-8.72417026622444	2.68139397512243e-18	1.58221329186851e-16
ENSG00000148798	INA	253.772081236531	-8.14413957686615	1.28519152907788	-4.7807190117994	1.74669355148302e-06	3.36766578803954e-05
ENSG00000149050	ZNF214	42.8856705268017	-3.62536010204629	0.442948524150535	-3.66941080831757	0.000243110138276031	0.00360295018813221
ENSG00000149131	SERPING1	122.213148428055	-7.7986389013326	0.647849157530367	-8.95060035801745	3.53554178365275e-19	2.22900449865955e-17
ENSG00000149256	TENM4	957.772128900386	-3.69320606791449	0.20277570426353	-8.35014270602153	6.81805384602476e-17	3.60032327455212e-15
ENSG00000149257	SERPINH1	4327.43331586775	-3.2155935900928	0.171502527182354	-7.08790482603382	1.36157551178357e-12	5.06194698674517e-11
ENSG00000149451	ADAM33	120.409062889932	-5.16099359835396	0.466740906327633	-6.77248031081097	1.26593037767982e-11	4.26633975453437e-10
ENSG00000149591	TAGLN	1102.88839039031	-7.60355084559687	0.221298445928852	-25.3212390266781	1.86439514256254e-141	7.72838396470736e-138
ENSG00000149633	KIAA1755	306.697142623415	-6.29154044010881	0.328223823348665	-13.0750425009522	4.57308279152278e-39	8.24198758328687e-37
ENSG00000149948	HMGA2	1907.74856024148	-4.24719882444163	0.364689798545851	-6.16194594255724	7.18563835725605e-10	2.02627669390583e-08
ENSG00000150051	MKX	9.5076272237498	-8.16927618923919	1.39999489084143	-4.40664193105114	1.04985525392108e-05	0.000187179031884574
ENSG00000150275	PCDH15	46.6379712244384	-4.80804870440063	0.612812663948985	-4.58223021421501	4.60043024890523e-06	8.50387223601981e-05
ENSG00000150630	VEGFC	185.796530396012	-10.803083034421	1.18473804678082	-7.43040460154104	1.08265996305913e-13	4.52180978526032e-12
ENSG00000151025	GPR158	657.693702118016	-7.5604039463952	0.861244213724214	-6.45624534573157	1.07332551321555e-10	3.31411738074991e-09
ENSG00000151067	CACNA1C	272.821545041208	-9.61373061661415	0.867015581571364	-8.78153839267243	1.61253681637166e-18	9.79394613635841e-17
ENSG00000151136	BTBD11	150.831183910131	-6.02210530148747	0.677796446639297	-5.93409027360674	2.95479230178939e-09	7.72766737475866e-08
ENSG00000151150	ANK3	1442.75845260044	-4.66085051231565	0.43835039500389	-6.07014512281217	1.27794714349235e-09	3.49087999773421e-08
ENSG00000151338	MIPOL1	57.1499132238345	-9.49934273792507	1.1967664580202	-6.26633766986684	3.69638332830785e-10	1.0696288301339e-08
ENSG00000151572	ANO4	175.190926120918	-3.5236945125546	0.272675158678385	-5.58794765148285	2.29768879093096e-08	5.47384739115321e-07
ENSG00000151834	GABRA2	127.62590561089	-6.47886620202546	0.453550810018585	-9.87511454745705	5.33719463653919e-23	4.2342595343759e-21
ENSG00000151892	GFRA1	1580.87949231189	-8.67147833900014	0.384460318772701	-17.3528398465081	1.87729993968403e-67	1.00411323548067e-64
ENSG00000151952	TMEM132D	183.253533663118	-12.5965411730858	1.20556850154197	-8.78966326636139	1.5000890198733e-18	9.14447648474967e-17
ENSG00000152056	AP1S3	53.1595540089657	-4.52835925985666	0.663291908385396	-3.81183492198972	0.000137938990476179	0.00211578760507449
ENSG00000152092	ASTN1	641.638635149758	-6.81169487084849	0.378038796111226	-12.7280451645307	4.13051522129224e-37	6.84880728842466e-35
ENSG00000152402	GUCY1A2	1337.93017298497	-5.26895525365819	0.440180251837237	-7.42640143444448	1.11591981948715e-13	4.63736003180862e-12
ENSG00000152582	SPEF2	73.8048541750244	-4.17998576062817	0.312601527610573	-6.97368876374755	3.08736705355649e-12	1.09383831442351e-10
ENSG00000152583	SPARCL1	1879.46668670784	-10.5731526062296	0.721192011678982	-11.887475828068	1.3749947901463e-32	1.78115536057936e-30
ENSG00000152804	HHEX	135.826675253712	-4.84887261716847	0.353319865011916	-8.06315438016028	7.43505317043908e-16	3.58373885520495e-14
ENSG00000152822	GRM1	59.0185157846426	-5.47463037242854	0.455402195253896	-7.62980593558923	2.35107357720678e-14	1.03678593041664e-12
ENSG00000153071	DAB2	362.591300770733	-9.6161309497907	0.704392691999904	-10.8123366927148	3.00906023474055e-27	2.91773261708965e-25
ENSG00000153246	PLA2R1	555.597470542381	-12.1573451548154	1.21845439871492	-8.33625383562005	7.66812133438767e-17	4.03635301096768e-15
ENSG00000153266	FEZF2	245.615069154456	-13.0455636479999	1.19783369965904	-9.22128309726468	2.93565997079065e-20	1.93928995919043e-18
ENSG00000153404	PLEKHG4B	202.549741686013	-6.11278943080211	0.553794498703392	-7.42656245309669	1.11456283789493e-13	4.63736003180862e-12
ENSG00000153823	PID1	134.188989154843	-5.28947842781845	0.479635482716293	-6.85828831759763	6.96905000363305e-12	2.38747558079007e-10
ENSG00000153885	KCTD15	303.89653029606	-3.81107226346578	0.272130771499153	-6.65515426090438	2.83003068793613e-11	9.29202749240969e-10
ENSG00000153993	SEMA3D	81.1271204131854	-11.4170058269839	1.20190530919705	-7.83506467183763	4.68601452600315e-15	2.17035773339827e-13
ENSG00000154134	ROBO3	546.768242506669	-3.8019317203718	0.238649003826492	-7.55055203030256	4.33417204432038e-14	1.85697433247742e-12
ENSG00000154518	ATP5MC3	2033.54748068282	-13.051692075162	1.18370385714298	-9.33653464797916	9.95386450409198e-21	6.93466501438441e-19
ENSG00000154721	JAM2	887.545355929181	-5.31569742039081	0.290799036566397	-11.4020234026248	4.08512535835853e-30	4.57672051127992e-28
ENSG00000154864	PIEZO2	388.597058546885	-13.1896928968936	1.26988992710808	-8.81154551904816	1.23432142988519e-18	7.55213418041562e-17
ENSG00000155011	DKK2	79.3619290760225	-8.9634939740162	1.04929326970436	-6.63636580455545	3.21511370586442e-11	1.04324462538039e-09
ENSG00000155511	GRIA1	2460.0906637989	-5.66576479424682	0.367559576808624	-9.97325338677127	1.99581932760082e-23	1.63018129413543e-21
ENSG00000155974	GRIP1	64.6302766378203	-4.92178859657566	0.691303534902696	-4.22649161917987	2.37363108161756e-05	0.000404493082880789
ENSG00000156103	MMP16	3156.83145995804	-3.65946390289459	0.243918994737246	-6.80334020186576	1.02220866163322e-11	3.4732052906845e-10
ENSG00000156675	RAB11FIP1	1129.96102628131	-4.49031430984965	0.260995335544445	-9.54160465992533	1.40639080196561e-21	1.02277920558736e-19
ENSG00000156689	GLYATL2	58.8295327592584	-10.4313242544538	1.22704221101212	-6.87125852622402	6.36379427129966e-12	2.18917163511244e-10
ENSG00000157240	FZD1	1559.23229193867	-3.4445083361073	0.209193194566513	-6.90514019397519	5.0153872432816e-12	1.74339907507028e-10
ENSG00000157423	HYDIN	32.4614861598415	-6.39733403820802	1.22466463106726	-3.59064345181248	0.000329862620608332	0.00480197727155993
ENSG00000157613	CREB3L1	615.572841659997	-4.95840964664713	0.405955679523824	-7.28751880037071	3.15715260926718e-13	1.24937344664103e-11
ENSG00000157657	ZNF618	1059.44441211922	-2.8343514868685	0.211523081893526	-3.94449380842741	7.99687196461585e-05	0.00126764946506019
ENSG00000157680	DGKI	133.735426676923	-5.67146205562149	0.711951828156868	-5.1568967315195	2.51076181645354e-07	5.36481207198661e-06
ENSG00000157851	DPYSL5	675.438840851425	-6.36677267284457	0.358923550743281	-12.1663030018554	4.69886948235952e-34	6.60270804127145e-32
ENSG00000157890	MEGF11	325.173671376292	-6.95167640828088	0.479750969822645	-10.3213473650953	5.64257012570881e-25	5.16903067703744e-23
ENSG00000158055	GRHL3	1043.77642623821	-5.71512849423317	0.455490656302017	-8.15632207342102	3.45380688589387e-16	1.69430686316586e-14
ENSG00000158258	CLSTN2	808.715794353379	-3.90742209297381	0.460167091692425	-4.14506410260369	3.39718661542307e-05	0.000564416345394087
ENSG00000158270	COLEC12	1173.37154700627	-11.0209104760212	0.629933487583613	-14.320417399343	1.63140426000893e-46	4.09853242957699e-44
ENSG00000158445	KCNB1	103.845950746114	-3.55296965913482	0.330537109505504	-4.69832165428602	2.62308098867965e-06	4.97066352837683e-05
ENSG00000159167	STC1	1116.39317604289	-6.64983466451909	0.959817816403731	-4.8444971379477	1.26932747733683e-06	2.49368707366374e-05
ENSG00000159217	IGF2BP1	300.647133940228	-10.6746870494208	0.842845043429859	-10.2921493304631	7.64504995120271e-25	6.96497655169737e-23
ENSG00000159674	SPON2	316.658649133453	-8.26711050781766	0.499452271678381	-12.5479667691918	4.07848252330967e-36	6.37974704896203e-34
ENSG00000159784	FAM131B	261.51023939783	-3.77065444195684	0.367008997843707	-4.82455321902184	1.40317448177651e-06	2.74363633046418e-05
ENSG00000160097	FNDC5	269.793738503692	-5.20967903251647	0.379491792694694	-8.45783517404998	2.72386745675953e-17	1.48080151805016e-15
ENSG00000160111	CPAMD8	19.1299721974743	-4.78021414346073	0.556598398085198	-4.99500924369381	5.88329493762031e-07	1.20582093152883e-05
ENSG00000160233	LRRC3	101.808631736933	-6.23593151630435	0.859420380176031	-4.92882367466865	8.272619232875e-07	1.67074664433983e-05
ENSG00000161381	PLXDC1	1623.94439250809	-9.60304996280546	0.447298849917795	-16.9976962028915	8.54111939370418e-65	4.04629430477169e-62
ENSG00000161682	FAM171A2	305.013447732705	-3.36569330057695	0.312254139661875	-4.37365955197837	1.22180871842509e-05	0.000216440281626137
ENSG00000161835	TAMALIN	92.1847083700497	-6.9684557306324	0.857036507088231	-5.79725098002261	6.74107695037246e-09	1.69868992270708e-07
ENSG00000162105	SHANK2	16.715344250498	-6.50709115761657	0.935912121767984	-4.81572046433425	1.46669727746504e-06	2.86446496556512e-05
ENSG00000162373	BEND5	44.1521344067457	-3.91495721573182	0.462918515773228	-4.13670473416516	3.52329000477944e-05	0.000583030654383712
ENSG00000162591	MEGF6	50.8103141462387	-4.70365095949406	0.491053588919197	-5.50581651474082	3.67461103151417e-08	8.59361431784718e-07
ENSG00000162618	ADGRL4	716.670975728497	-11.9436300746832	1.2829982945313	-7.75030654137841	9.16709806187324e-15	4.16437405380603e-13
ENSG00000162624	LHX8	4.72808877836707	-7.3129860662379	1.54138541959148	-3.44689005015113	0.000567079317920631	0.00794150521152194
ENSG00000162630	B3GALT2	56.777656467231	-6.33456631713554	0.658676264555065	-6.58072341511127	4.68164771222656e-11	1.50147777014369e-09
ENSG00000162670	BRINP3	129.126459103003	-8.20467629558588	0.640080154752271	-9.69359266885451	3.21032857230189e-22	2.4306145231661e-20
ENSG00000162733	DDR2	3988.17680035404	-6.03096336780339	0.28344874962023	-14.2211365306926	6.7743711716379e-46	1.62791084633229e-43
ENSG00000162738	VANGL2	790.15250346079	-7.53626940564013	0.30167771886774	-18.3516019228033	3.20521645848631e-75	2.0440651576216e-72
ENSG00000162804	SNED1	794.108107296007	-5.43054693693663	0.252423290624442	-13.5904532757266	4.56246057240595e-42	9.45626984388289e-40
ENSG00000162849	KIF26B	1001.49687208457	-4.41533814592585	0.356171886399141	-6.78138347847905	1.19030459794151e-11	4.02784500785063e-10
ENSG00000162944	RFTN2	88.3173998076289	-4.33985128231544	0.39433193545407	-5.93370983159434	2.96165066121108e-09	7.73340623835289e-08
ENSG00000162946	DISC1	123.336339738895	-4.70318285556963	0.386762296568117	-6.98926156855505	2.76336803657175e-12	9.8961998735197e-11
ENSG00000162998	FRZB	114.507449100973	-3.50412878024868	0.423897533063988	-3.54833105391447	0.000387680616297412	0.00557030528494574
ENSG00000163017	ACTG2	1207.47411629471	-6.85007471694007	0.665346174175197	-7.28955077099903	3.10990225095152e-13	1.23361935940256e-11
ENSG00000163071	SPATA18	20.044391395918	-8.17917371433271	1.26654092422852	-4.87877935574531	1.06744395429826e-06	2.1222168112973e-05
ENSG00000163297	ANTXR2	1419.13010979015	-2.80244366730425	0.231903003571895	-3.460255602319	0.000539662865458332	0.0076025063484831
ENSG00000163359	COL6A3	1366.92601348284	-8.8252961656674	0.533376340096121	-12.796398438741	1.7173294173638e-37	2.9355710380731e-35
ENSG00000163406	SLC15A2	113.925494420408	-4.70286281841551	0.548348699819721	-4.92909497059831	8.26114115085921e-07	1.67046318807801e-05
ENSG00000163462	TRIM46	174.437094638045	-3.05853952338626	0.211779666519134	-4.99830574287274	5.78362310178268e-07	1.18833029306888e-05
ENSG00000163618	CADPS	241.351931224427	-7.15798697934252	0.577851126588069	-8.92615198277441	4.410843759996e-19	2.77031062062476e-17
ENSG00000163623	NKX6-1	277.597008898759	-4.71958940070009	0.236428163171715	-11.5028149109499	1.27682206157697e-30	1.50148841156084e-28
ENSG00000163923	RPL39L	116.941827221497	-5.68155337207807	0.876856841491532	-4.19857974286401	2.68594269574333e-05	0.000453519509553159
ENSG00000164002	EXO5	109.584887373253	-8.4942911814646	1.25246124349907	-5.18522326752493	2.15756235266714e-07	4.62203376867879e-06
ENSG00000164100	NDST3	94.5376908074823	-8.49204963821704	0.695068154840884	-9.34016267757686	9.61862182171056e-21	6.72938263399927e-19
ENSG00000164106	SCRG1	105.96031601483	-5.85632007497796	0.642033722852805	-6.00641358501051	1.89671993027973e-09	5.05619182700454e-08
ENSG00000164116	GUCY1A1	15.5413696169581	-4.78739673276089	0.773605845292856	-3.60312263631577	0.000314417091480847	0.00458518011771673
ENSG00000164125	GASK1B	1550.62120270898	-7.38726522222534	0.494299524088177	-10.8987869898582	1.16804019783594e-27	1.16670328435649e-25
ENSG00000164161	HHIP	517.62025272562	-4.80203734500683	0.554315883285317	-5.05494688046774	4.30510576121804e-07	8.97898850651023e-06
ENSG00000164199	ADGRV1	2143.49949073829	-3.3248376714492	0.305711520577531	-4.33362036519397	1.466770258145e-05	0.000257632602227778
ENSG00000164220	F2RL2	132.691222074886	-7.53338368239141	0.5272972054259	-10.4938611952667	9.2182553977205e-26	8.63547416664428e-24
ENSG00000164308	ERAP2	693.535559968544	-4.08558276969808	0.2257434666606	-9.238729255601	2.49441930076709e-20	1.67449256785502e-18
ENSG00000164330	EBF1	181.078816963093	-10.4145213828427	1.20765610507775	-6.96764695467749	3.22285740436224e-12	1.13940722007954e-10
ENSG00000164588	HCN1	79.5397318358237	-11.0544685551231	1.19544362960481	-7.57414932071399	3.61488445777152e-14	1.56089581235181e-12
ENSG00000164659	ELAPOR2	169.635092502551	-6.32349688053019	0.426945702060999	-10.126573144218	4.21151117769735e-24	3.63703473111457e-22
ENSG00000164690	SHH	168.928497569119	-8.42737952290403	0.666587446517889	-9.64221507092474	5.30310849231601e-22	3.96084873473386e-20
ENSG00000164692	COL1A2	28229.9521291075	-4.6330873751317	0.218846424302034	-12.0316673371722	2.42219130097107e-33	3.29199622634437e-31
ENSG00000164850	GPER1	93.8946326877323	-3.8983116201133	0.245658036075662	-7.72745581800802	1.09717224307349e-14	4.94353613108736e-13
ENSG00000164929	BAALC	783.825733592264	-8.31765122186795	0.414031442484878	-15.2588682249626	1.43719474181744e-52	4.766025202815e-50
ENSG00000164930	FZD6	833.359826804958	-8.76702466855875	0.476797753357835	-14.1926521693992	1.01737048293674e-45	2.37591830670057e-43
ENSG00000165152	PGAP4	508.774773062741	-8.8239296467488	0.739277507263925	-9.23053870799376	2.6927417903704e-20	1.7931064910093e-18
ENSG00000165186	PTCHD1	322.253870213094	-2.96845628039868	0.286460286228818	-3.38076978539739	0.000722830765306058	0.00987253453009864
ENSG00000165238	WNK2	158.457862997272	-5.03785730992521	0.525815672370206	-5.77741872209996	7.58553443055207e-09	1.89993574611758e-07
ENSG00000165379	LRFN5	33.8355605553799	-10.0545602545811	1.35800440563042	-5.93117387630419	3.00776485887845e-09	7.84146998821754e-08
ENSG00000165406	MARCHF8	517.030664034558	-2.70925999292849	0.193026871975747	-3.6744106438072	0.000238399055604335	0.00354440070676289
ENSG00000165424	ZCCHC24	1840.29123299307	-2.88887102538285	0.102564336506213	-8.66647272981686	4.45713415084705e-18	2.59311373176123e-16
ENSG00000165495	PKNOX2	377.255367129436	-12.3180942358716	1.23342074090572	-8.36542948701741	5.98963424409357e-17	3.19338023798442e-15
ENSG00000165716	DIPK1B	329.254211348273	-2.96687146739296	0.23382013020909	-4.13510789908614	3.54787899739591e-05	0.000586514273737004
ENSG00000165995	CACNB2	209.996298846979	-6.33324442083186	0.378136731999462	-11.4594644056902	2.1081441436059e-30	2.41069917552617e-28
ENSG00000166016	ABTB2	587.185776163043	-3.53104750325145	0.25577800794928	-5.98584497364234	2.15269334159882e-09	5.69279239187401e-08
ENSG00000166033	HTRA1	3767.43121988245	-4.71053229703939	0.245379117947122	-11.0463038571338	2.28427134589276e-28	2.38210711863194e-26
ENSG00000166073	GPR176	1005.96016648977	-2.66556206448712	0.0943162783903223	-7.05670405836761	1.70498197188269e-12	6.24068566794412e-11
ENSG00000166147	FBN1	6455.68299569798	-3.47363095465082	0.199493387593765	-7.38686616346216	1.50329776427803e-13	6.16984659145892e-12
ENSG00000166250	CLMP	1264.88572077177	-7.07587033459464	0.300646452061234	-16.8831872114054	5.98258709715371e-64	2.54351991430527e-61
ENSG00000166341	DCHS1	2585.70641353482	-6.13050850066581	0.184489833638709	-22.3888136229483	5.05875134142298e-111	7.62537781746676e-108
ENSG00000166342	NETO1	112.91383945432	-11.8723990489635	1.19781369028992	-8.24201553964041	1.69333567228795e-16	8.56012157994101e-15
ENSG00000166426	CRABP1	24.9454885694647	-7.23196865644519	1.33990600700352	-3.90472811458293	9.43313770383003e-05	0.00148116341162127
ENSG00000166448	TMEM130	95.4264954502183	-3.63197715341858	0.466632433387022	-3.49735045541728	0.000469904084549149	0.00668796534412827
ENSG00000166482	MFAP4	979.63551988884	-8.59545005526564	0.38455351241005	-17.1509291748008	6.18554734907861e-66	3.01654589985507e-63
ENSG00000166669	ATF7IP2	8.24865373772203	-7.98373109201848	1.28751288701545	-4.64751161123459	3.35963188401888e-06	6.28736526737212e-05
ENSG00000166676	TVP23A	37.6895061326796	-3.59045592271478	0.407960124641755	-3.89855730167604	9.67675032565495e-05	0.00151797726726286
ENSG00000166825	ANPEP	1468.50098678717	-8.62002610940702	0.432711440517844	-15.2989394074826	7.7712717115486e-53	2.62970318875892e-50
ENSG00000166888	STAT6	1102.8539872845	-8.44547423874714	0.319492106998492	-20.1741266765553	1.65256791882931e-90	1.24551039373222e-87
ENSG00000166923	GREM1	108.496508712898	-6.75970639310131	0.682245028686912	-6.97653510537427	3.02548766594491e-12	1.07651525727538e-10
ENSG00000166924	NYAP1	99.2646703526443	-5.17235551349481	0.580810864617561	-5.46194244417874	4.70952782916998e-08	1.08758608545219e-06
ENSG00000167178	ISLR2	110.930487998471	-7.35112395435731	0.547173772378517	-9.77956953436646	1.37795344369947e-22	1.0726688286376e-20
ENSG00000167311	ART5	4.23899423637103	-6.77975758425617	1.37166328155467	-3.48464353353447	0.000492793075619023	0.00697779845161317
ENSG00000167371	PRRT2	339.909783390658	-3.69131295473811	0.365452207735344	-4.62800037580547	3.69213347205665e-06	6.8785691123788e-05
ENSG00000167434	CA4	58.6835013226279	-5.43051511595739	0.856920277983006	-4.0033071968282	6.24631088337855e-05	0.00100651196071234
ENSG00000167614	TTYH1	1180.39394651748	-10.7626589895825	0.648698284666277	-13.5080656087913	1.40155869389709e-41	2.83405423213508e-39
ENSG00000167617	CDC42EP5	76.5480499213774	-11.3375596444234	1.23152743759076	-7.58209631341264	3.40015706212367e-14	1.47201055475385e-12
ENSG00000167654	ATCAY	39.9441678646829	-7.52783268246952	1.27348580754428	-4.34071008072646	1.42023010046458e-05	0.000249722537601306
ENSG00000167693	NXN	795.007045095123	-4.53061176022518	0.14175201627232	-17.8523863488729	2.76945473817378e-71	1.53067763378865e-68
ENSG00000167771	RCOR2	308.610702066431	-3.95632710516121	0.25654209026042	-7.62575491286953	2.42610382395393e-14	1.06703521233369e-12
ENSG00000168081	PNOC	97.4951846028151	-10.7655303222892	1.21661377374452	-7.20485869176914	5.81040746045915e-13	2.23014736346928e-11
ENSG00000168140	VASN	355.528129887386	-6.13208539138619	0.453868611477506	-9.10414443055395	8.69490257018164e-20	5.65373253004634e-18
ENSG00000168280	KIF5C	1809.08585405765	-3.13763600101735	0.18896647133142	-6.02030610510845	1.74087531150273e-09	4.67078536246387e-08
ENSG00000168309	FAM107A	43.5677597351421	-4.73943595544242	0.707042058834852	-3.87450211937432	0.000106842913565901	0.00166971003754591
ENSG00000168356	SCN11A	39.9392620215887	-8.484569967313	1.06253216901103	-6.10293989813846	1.04135008240091e-09	2.8777709527149e-08
ENSG00000168386	FILIP1L	578.889976917276	-6.80928943448327	0.548912429235122	-8.76148758588823	1.92690391248149e-18	1.16181795537657e-16
ENSG00000168505	GBX2	95.7843047478016	-8.29617525505853	1.07340514992777	-5.86560932326642	4.47486309043107e-09	1.14692715172575e-07
ENSG00000168542	COL3A1	28674.1761080366	-13.1437299291384	0.458960008635597	-24.2803941944019	3.15863921352386e-130	7.48191382849131e-127
ENSG00000168824	NSG1	46.3937573610273	-7.88600370856888	1.04249021649329	-5.64609970956669	1.64128678252571e-08	3.97287242935166e-07
ENSG00000168843	FSTL5	135.062761227496	-5.81889415915425	0.383600649541225	-9.95539023127709	2.38883830208181e-23	1.94163371994208e-21
ENSG00000168874	ATOH8	88.0003512523347	-9.66594832866473	1.21656494121246	-6.30130630020015	2.95147467907821e-10	8.64636071621835e-09
ENSG00000168952	STXBP6	159.286902483393	-8.05337724024254	1.07222039518406	-5.64564642440269	1.64561741873145e-08	3.97754845772394e-07
ENSG00000168993	CPLX1	23.2530851811756	-6.10220732133694	0.988421377721738	-4.15026163314307	3.3209545382686e-05	0.0005528589076208
ENSG00000169126	ARMC4	25.5718119048103	-9.21082743111143	1.34083138580567	-5.37787786551448	7.53689137043508e-08	1.70956492220498e-06
ENSG00000169174	PCSK9	211.326193532534	-6.58978512698635	0.870864208646061	-5.27037979218612	1.36141762842379e-07	3.00264692961881e-06
ENSG00000169184	MN1	149.733833138976	-3.95462959851777	0.566231636668063	-3.45199644799009	0.00055645505186992	0.00781251584678674
ENSG00000169515	CCDC8	293.478065967106	-7.45096850579968	0.357630996199251	-15.2418793777112	1.86429693631478e-52	6.06115833353634e-50
ENSG00000169594	BNC1	14.806386123584	-8.00407864619514	1.30626457904667	-4.59637254389688	4.29909747518749e-06	7.97352743132928e-05
ENSG00000169946	ZFPM2	136.862516261109	-6.5275469774912	0.449937734514434	-10.0626078458995	8.08283732215569e-24	6.83783294074814e-22
ENSG00000170271	FAXDC2	370.142606272185	-3.33937352211086	0.394316240982691	-3.39669884956541	0.000682039825396019	0.00935393080636177
ENSG00000170549	IRX1	324.45874183134	-11.9600232848411	1.21028730691735	-8.2294701662283	1.88043321649204e-16	9.47704047497097e-15
ENSG00000170561	IRX2	479.830263660953	-12.5382508003333	1.19027971583156	-8.8535918575837	8.47468755857613e-19	5.22374700404278e-17
ENSG00000170571	EMB	124.23232419738	-11.3374398725602	1.19602797048407	-7.80704139283721	5.85460463500144e-15	2.68906369675786e-13
ENSG00000170624	SGCD	68.1119393534412	-9.19704692002249	1.06992261703156	-6.7266985532003	1.73555769658808e-11	5.76699041425389e-10
ENSG00000170801	HTRA3	245.967374623961	-6.90527330584699	0.503372347152773	-9.7448207745076	1.94121104691184e-22	1.49014909115024e-20
ENSG00000170891	CYTL1	249.504823554307	-8.41205189401067	0.657962607469933	-9.74531351966485	1.9318162911847e-22	1.48983469414574e-20
ENSG00000170954	ZNF415	161.968643581344	-4.44074589362401	0.330960299833278	-7.3747391903305	1.64667090311553e-13	6.72498774496516e-12
ENSG00000170962	PDGFD	787.130317826007	-5.93830944141245	0.330026863972592	-11.9332995926644	7.93641192522983e-33	1.04439401692251e-30
ENSG00000171017	LRRC8E	167.345559235616	-3.94282954513421	0.313287557857996	-6.20142580323869	5.59538985827279e-10	1.58593434598327e-08
ENSG00000171189	GRIK1	201.593779787607	-7.28750371755728	0.373010135349879	-14.1752280071362	1.30418866951709e-45	3.00343782350873e-43
ENSG00000171243	SOSTDC1	25.784753993908	-5.2490220411198	0.819331961674395	-3.96545257978227	7.32568157560003e-05	0.00117198880330395
ENSG00000171246	NPTX1	255.527150568532	-6.49800789951074	0.660662069668632	-6.80833380031459	9.87355637961323e-12	3.36167224497673e-10
ENSG00000171798	KNDC1	15.2404444902561	-7.08521221076325	1.19729242577762	-4.2472599853461	2.16400792631626e-05	0.000370675779196796
ENSG00000171811	CFAP46	28.8932803040996	-5.44672699292534	0.845938964026746	-4.07443933841114	4.61253338747002e-05	0.000752019823968931
ENSG00000171914	TLN2	1769.74095025291	-4.97319434230302	0.162261879365011	-18.3234309496365	5.38109859655168e-75	3.30459243812679e-72
ENSG00000172020	GAP43	3489.14839747524	-5.81176258094677	0.439952059208302	-8.66404077709302	4.55330399148534e-18	2.63060395410517e-16
ENSG00000172201	ID4	424.981402478223	-5.96720378186585	0.461273010051883	-8.60055475914281	7.93316854438189e-18	4.47414515763252e-16
ENSG00000172247	C1QTNF4	47.1911298155789	-6.32184956976947	0.758747141599229	-5.69603407092936	1.22626382313955e-08	3.01671816787491e-07
ENSG00000172264	MACROD2	29.2699077077814	-4.55662600106765	0.722171230555432	-3.54019364507405	0.000399833540667807	0.0057250776665051
ENSG00000172292	CERS6	1755.67931000623	-2.81568581840071	0.128438743786674	-6.35077698794294	2.14230092579303e-10	6.36585871874089e-09
ENSG00000172318	B3GALT1	111.459237892491	-3.66167389190464	0.310302001696071	-5.35502150428338	8.55462424793088e-08	1.93219343743201e-06
ENSG00000172346	CSDC2	252.187924150071	-4.62362565842596	0.23280379556859	-11.2696859259452	1.85229438255952e-29	2.04752621048129e-27
ENSG00000172348	RCAN2	800.051125205352	-3.61335201931516	0.434256066700705	-3.71520893553135	0.000203035858147808	0.0030438856816897
ENSG00000172403	SYNPO2	264.665068459609	-4.9138835385506	0.39991367873594	-7.28628124889575	3.18627469968075e-13	1.25789573322397e-11
ENSG00000172572	PDE3A	280.968982293497	-6.38647954019622	0.308199518397686	-14.2325969975596	5.75058868932591e-46	1.40221339790754e-43
ENSG00000172671	ZFAND4	98.7654832936048	-9.30298226123335	1.1899143277569	-6.13740173630832	8.3882071552117e-10	2.34149600741692e-08
ENSG00000172716	SLFN11	818.558365169134	-8.75360525625111	0.500002832430272	-13.5071339964718	1.41940397824199e-41	2.83555871846151e-39
ENSG00000172935	MRGPRF	469.011602325417	-10.4044652745933	0.71744194367582	-11.7144883271432	1.07437907519035e-31	1.35986865997948e-29
ENSG00000173320	STOX2	372.633172885274	-3.62060086804214	0.243587845271415	-6.65304488504507	2.87090591697187e-11	9.40760691883608e-10
ENSG00000173406	DAB1	162.528526304469	-4.8006404896052	0.497721669837248	-5.62692094664271	1.8345475016922e-08	4.40849740950121e-07
ENSG00000173482	PTPRM	226.146056675661	-10.4709729662079	1.05581409761282	-8.0231671326995	1.0305298445571e-15	4.93850154699458e-14
ENSG00000173530	TNFRSF10D	270.167290210911	-9.78687328870553	0.866920381810989	-8.98222426428459	2.65347304948028e-19	1.69220140897818e-17
ENSG00000173546	CSPG4	1322.57976461996	-3.11303222028201	0.203616790326641	-5.46630864034588	4.59503977014719e-08	1.06262697948132e-06
ENSG00000174332	GLIS1	14.0647334077388	-6.20671553530598	1.00845538573872	-4.17144436411972	3.02674962551998e-05	0.000507447275437278
ENSG00000174348	PODN	51.1547030775261	-7.93977602426764	1.28403977130349	-4.6258505048001	3.7306432223411e-06	6.94251349827585e-05
ENSG00000174469	CNTNAP2	176.946862623206	-12.2926717788933	1.21560851482242	-8.46709417825758	2.51590662421116e-17	1.38133270649156e-15
ENSG00000174599	TRAM1L1	34.2858937806614	-7.1861432313128	0.785570753817924	-6.60175191872638	4.06327064857689e-11	1.30821535192337e-09
ENSG00000174640	SLCO2A1	862.541836247916	-5.45702731309819	0.270795631841607	-12.7661856640297	2.53264561507025e-37	4.24179767105857e-35
ENSG00000174807	CD248	429.737804930835	-11.7053544576376	1.04035882571714	-9.32885290894467	1.07022862577344e-20	7.42487901420475e-19
ENSG00000174938	SEZ6L2	1056.96243807734	-4.47044187862516	0.411803156656363	-5.99908436517079	1.98433248812481e-09	5.28125473284067e-08
ENSG00000175084	DES	32.937090743881	-5.90049145637901	1.1058078877451	-3.52727765790553	0.000419856224131055	0.00599108094003186
ENSG00000175229	GAL3ST3	23.0729359155232	-4.54291870498245	0.645816571001561	-3.93752470773361	8.23264573008254e-05	0.00130129169542897
ENSG00000175274	TP53I11	1475.92694802474	-9.75319556370745	0.392007402948713	-19.778186598996	4.58898684035898e-87	3.17041628333301e-84
ENSG00000175899	A2M	224.46384223879	-4.08438813209986	0.529710916202608	-3.93495408220473	8.3212603701336e-05	0.00131404588759224
ENSG00000176406	RIMS2	239.995546342659	-3.02592831332291	0.278399138474034	-3.68509873610331	0.000228613997106222	0.00340885673203081
ENSG00000176720	BOK	247.464102003273	-3.36150732175601	0.278447877237587	-4.88963081803024	1.01025266973061e-06	2.01334128807731e-05
ENSG00000176771	NCKAP5	37.6282658999176	-8.64584758789025	1.26285449641147	-5.26256002316584	1.42063262255218e-07	3.12822171507804e-06
ENSG00000176788	BASP1	144.55378734996	-9.04117700950464	0.761065852130811	-9.25173162058308	2.20884740441664e-20	1.48881702490375e-18
ENSG00000177374	HIC1	604.305665738357	-5.11244939855075	0.305089322898415	-10.2017644176525	1.94702733303335e-24	1.73568065639924e-22
ENSG00000177459	ERICH5	62.3761360566112	-6.19617097985433	0.562328692719262	-7.46213208428479	8.51334761544372e-14	3.58273646730133e-12
ENSG00000177875	CCDC184	36.1849278972576	-9.01226892496045	1.22293484947894	-5.73396769905462	9.8108023202026e-09	2.42795392942208e-07
ENSG00000178235	SLITRK1	66.4464560303032	-8.76161273362187	1.67401324107893	-4.03916323222384	5.36422258336742e-05	0.000868595455613429
ENSG00000178568	ERBB4	338.648494351271	-5.62838588428963	0.250857825835587	-14.463913462551	2.04813717388121e-47	5.47744556131037e-45
ENSG00000178623	GPR35	28.4398923932978	-4.01361479487957	0.558838620591093	-3.60321337983001	0.000314307299105491	0.00458518011771673
ENSG00000178662	CSRNP3	103.734366308171	-3.3244470694797	0.31663705120244	-4.18285562112856	2.87870220226178e-05	0.000484586408281244
ENSG00000178695	KCTD12	1211.97824952804	-3.98780831784178	0.217756197023394	-9.12859585634763	6.93934591508695e-20	4.52997222905735e-18
ENSG00000178718	RPP25	117.069567849621	-4.8350343368295	0.51353380183026	-5.52063822619913	3.37770564532015e-08	7.93282398088576e-07
ENSG00000179314	WSCD1	420.059537847808	-7.2816159355606	0.574620140940877	-9.1914911421527	3.87432852955842e-20	2.53913997425329e-18
ENSG00000179776	CDH5	347.162857443234	-7.7715207646518	0.470768504090682	-12.2597852543255	1.48893945644008e-34	2.14679175019417e-32
ENSG00000179954	SSC5D	669.804381586067	-6.77742561110823	0.28137931715167	-16.9785955111018	1.18282898590781e-64	5.44791317092705e-62
ENSG00000180573	H2AC6	322.883788291652	-3.53090479512623	0.323766590347913	-4.72842115513262	2.26272459996278e-06	4.30748984982581e-05
ENSG00000180616	SSTR2	95.396466580992	-5.77802511937632	0.434429912338894	-8.6965123995171	3.42240282780976e-18	1.99812891858851e-16
ENSG00000180730	SHISA2	14.8846616841786	-8.47015181643358	1.38022440979036	-4.68775350626956	2.76220431098708e-06	5.21047891700533e-05
ENSG00000180921	FAM83H	30.4222963077342	-4.00158446604523	0.507942801680393	-3.94057059067186	8.12880250042487e-05	0.0012866008786856
ENSG00000181007	ZFP82	129.969495141666	-10.4297063315208	1.19359074617457	-7.06247627885673	1.6356124414742e-12	6.00560256548558e-11
ENSG00000181085	MAPK15	42.5474234206638	-6.79294303900364	1.24105597392104	-3.86198780693238	0.000112468180919191	0.00175101869278978
ENSG00000181444	ZNF467	58.715402065381	-4.69589726349429	0.580419702524549	-4.64473768166109	3.40508828397912e-06	6.36525015069422e-05
ENSG00000181790	ADGRB1	270.620389130173	-6.59807928670729	1.06852531438685	-4.30320107984133	1.68347930394613e-05	0.000293520192836286
ENSG00000182022	CHST15	1701.56587496318	-3.96303866338137	0.177041198380827	-11.0880330755486	1.43406267601499e-28	1.53407698264546e-26
ENSG00000182118	FAM89A	167.064221763308	-7.27991414499604	0.851124455792589	-6.2034572136448	5.52360625951866e-10	1.56826909912806e-08
ENSG00000182168	UNC5C	463.750250866796	-5.29982087282901	0.450445892382445	-7.32567646554838	2.37696618023839e-13	9.56613500838172e-12
ENSG00000182175	RGMA	2754.60215678415	-5.68710429409899	0.213719081615163	-17.2521062051832	1.07893477903957e-66	5.42115683977429e-64
ENSG00000182253	SYNM	2627.86229220746	-9.45482942874978	0.272434229529521	-27.3637767237394	7.40428949790693e-165	6.13852620823974e-161
ENSG00000182256	GABRG3	91.2142642043341	-10.5731590356414	1.23536544527594	-6.93977564972808	3.92723119859142e-12	1.37668965124407e-10
ENSG00000182272	B4GALNT4	661.420370920688	-4.17583818476239	0.296076884005033	-7.3488958520835	1.99850824860111e-13	8.06259495621778e-12
ENSG00000182326	C1S	629.15910792245	-4.34378866326562	0.439281688346772	-5.3355027660871	9.52801764693514e-08	2.1407054282362e-06
ENSG00000182492	BGN	440.225705157193	-7.62006214229982	0.482744908774174	-11.6418879622589	2.52366543634974e-31	3.0996219703789e-29
ENSG00000182580	EPHB3	989.494689528943	-5.27209180464571	0.322252331670492	-10.153818865123	3.18645039049451e-24	2.7954779854386e-22
ENSG00000182621	PLCB1	793.774610120568	-6.5469524489083	0.362655119378183	-12.5379519161472	4.62802164152133e-36	7.17170344280983e-34
ENSG00000182636	NDN	475.693962189673	-12.212885752303	1.24716998917063	-8.18884822516823	2.63737875969546e-16	1.305384394463e-14
ENSG00000182809	CRIP2	1685.39053258188	-2.90786344584659	0.182600413943322	-4.97185864062929	6.63140520754901e-07	1.35080257673673e-05
ENSG00000183044	ABAT	718.69523547515	-5.91395946531367	0.387079540316852	-10.111512125156	4.91202001269933e-24	4.22001056116931e-22
ENSG00000183049	CAMK1D	389.602065079769	-4.09591716683247	0.5849311066768	-3.58318636657934	0.000339428253375445	0.00492824857199497
ENSG00000183160	TMEM119	132.819327222724	-8.09209932832451	0.650393534523633	-9.36678949735646	7.47723133701177e-21	5.32102887549322e-19
ENSG00000183307	TMEM121B	50.8015195708597	-4.26543450719188	0.553255403469746	-4.09473543861332	4.22650728927079e-05	0.000693172278569723
ENSG00000183439	TRIM61	8.83054036118769	-7.56917725245003	1.28942433822007	-4.31911907304134	1.56653248588691e-05	0.000274573733070728
ENSG00000183580	FBXL7	783.565353465931	-4.65269278326233	0.285890001448667	-9.27871828262814	1.71529465812669e-20	1.17042389820571e-18
ENSG00000183722	LHFPL6	1313.59849804788	-2.97255200180198	0.225549426186294	-4.31192407910938	1.61840008944917e-05	0.000283066370075493
ENSG00000183798	EMILIN3	104.449025592757	-6.98231123274163	0.610901100857101	-8.15567564987424	3.47233171999185e-16	1.69836968286681e-14
ENSG00000183850	ZNF730	106.504484695929	-7.49157951239374	1.07319845797478	-5.11702143400099	3.10398359883704e-07	6.56468776177512e-06
ENSG00000183873	SCN5A	44.6710814513858	-4.12156581724235	0.436267116225881	-4.86299732053124	1.15621412851653e-06	2.28773108173421e-05
ENSG00000184005	ST6GALNAC3	64.7738369304428	-6.03244397344811	0.622066016047368	-6.48234089216192	9.03103025177336e-11	2.81472768053861e-09
ENSG00000184349	EFNA5	365.388962308186	-2.90409542007243	0.14903027653146	-6.06652179083611	1.30709999259446e-09	3.56464226598829e-08
ENSG00000184408	KCND2	69.1693408645313	-10.2371091751875	1.25783136926236	-6.54865936442502	5.80558827541742e-11	1.84764796918803e-09
ENSG00000184500	PROS1	622.608845737822	-3.1484650580206	0.246086697871371	-4.66691238476002	3.05759631391473e-06	5.74807307041044e-05
ENSG00000184838	PRR16	131.0926670395	-5.56433316865755	0.468880752772797	-7.60179032212205	2.92061680200601e-14	1.27104323343994e-12
ENSG00000184949	FAM227A	115.711394791933	-3.52099491665284	0.442360871065783	-3.43835772135157	0.000585254000720149	0.0081819997681299
ENSG00000184985	SORCS2	64.5669251482503	-7.66387670340485	0.82305635754691	-6.88151747018373	5.92183104531514e-12	2.04136965826134e-10
ENSG00000185070	FLRT2	799.535245147938	-12.8360731263015	1.11187568877624	-9.74575956258915	1.92335078216317e-22	1.48983469414574e-20
ENSG00000185187	SIGIRR	117.342877678478	-4.66481219979311	0.384429375812326	-6.93186412761038	4.15330783488048e-12	1.44981046758217e-10
ENSG00000185201	IFITM2	694.985364034804	-6.47631189295708	0.70545663059717	-6.34526872214366	2.22037530948798e-10	6.58605420511989e-09
ENSG00000185274	GALNT17	612.46197226805	-13.2802378824415	1.20213126864614	-9.38353254478224	6.37986171748427e-21	4.55967616972443e-19
ENSG00000185338	SOCS1	80.4206879056457	-4.52869208300959	0.588853078424815	-4.2942665592814	1.75271790397151e-05	0.000304631190416684
ENSG00000185339	TCN2	2292.66297872408	-3.20156232855953	0.18681341628423	-6.43188456406898	1.26031443820635e-10	3.84141060659916e-09
ENSG00000185499	MUC1	237.680143645378	-3.82871890250622	0.218091892449667	-8.38508429619071	5.06894185184973e-17	2.7200040403081e-15
ENSG00000185532	PRKG1	168.825659311816	-6.42769637502382	0.298643628699996	-14.8260198762575	9.9457778634928e-50	2.99838077735589e-47
ENSG00000185551	NR2F2	1237.44780944249	-3.96876253738153	0.109229549666828	-18.024083623769	1.26083780004901e-72	7.20894881469402e-70
ENSG00000185567	AHNAK2	8516.40503827309	-3.21342010343574	0.230059947298754	-5.27436486743173	1.33216635137098e-07	2.95302811124093e-06
ENSG00000185630	PBX1	2392.83410590349	-3.52701907563586	0.316293677811736	-4.82785203359255	1.38013575435228e-06	2.70177460955315e-05
ENSG00000185742	C11orf87	139.633146977773	-8.06450256065504	1.30059554481719	-4.66286585773863	3.11836028915021e-06	5.85566613300109e-05
ENSG00000185760	KCNQ5	364.695089201398	-3.22978753798942	0.274009108999697	-4.48812648046229	7.18522680892288e-06	0.000129639005134657
ENSG00000185842	DNAH14	115.11693423348	-4.47992328202635	0.313726817150573	-7.9047220271135	2.68532149583321e-15	1.26134038873684e-13
ENSG00000186297	GABRA5	7.58789531745354	-7.93981367362321	1.31447689309875	-4.51876613792782	6.22010522095956e-06	0.000113087241961327
ENSG00000186469	GNG2	2006.77049677448	-6.28273423554487	0.49201941557293	-8.70440088336322	3.19256704568166e-18	1.87052841641157e-16
ENSG00000186493	C5orf38	87.362638411415	-9.23032836305065	1.19983821809196	-6.0260860622932	1.67977760457602e-09	4.5141640942423e-08
ENSG00000186654	PRR5	76.1936444550777	-5.19830351250668	0.496765471834009	-6.4382564687897	1.20853670986095e-10	3.69718582771299e-09
ENSG00000186765	FSCN2	36.034702773905	-4.25788644553972	0.661197496700809	-3.4148442134248	0.000638185008538423	0.00881329032053284
ENSG00000187049	TMEM216	58.0107970544237	-4.69860457410016	0.41882844410671	-6.4432218300164	1.16963544294221e-10	3.59809374386361e-09
ENSG00000187664	HAPLN4	53.7182654485751	-6.59069148703389	0.831988641760804	-5.51773336390535	3.4339991869774e-08	8.05362666467784e-07
ENSG00000187672	ERC2	76.2663479935383	-7.00828022463294	1.2506203850868	-4.00463664622364	6.21128790002366e-05	0.00100184206877716
ENSG00000187957	DNER	659.705987239566	-6.282791148845	0.461373677486228	-9.28269504272454	1.65244936977499e-20	1.1322009504231e-18
ENSG00000188211	NCR3LG1	315.069535505151	-3.50938662568577	0.439389947229394	-3.43518697959142	0.000592145108927808	0.0082646111541515
ENSG00000188316	ENO4	31.7398470199023	-4.39506924274246	0.480689019991194	-4.98257530988816	6.27435584280742e-07	1.28122037228559e-05
ENSG00000188322	SBK1	153.551229614437	-3.97480714964256	0.298936520124716	-6.60610871103563	3.94553207980942e-11	1.27277952169883e-09
ENSG00000188763	FZD9	90.1241581969677	-7.8364713098689	1.22610453686346	-4.7601743035707	1.93425838268255e-06	3.71202988926613e-05
ENSG00000188916	INSYN2A	178.241361517498	-4.00078699749774	0.492058924102704	-4.06615325826329	4.77955106910231e-05	0.000776958198792013
ENSG00000189184	PCDH18	1640.59470149853	-4.73639754736951	0.416153541850934	-6.57545177964552	4.85056616096827e-11	1.55264937287674e-09
ENSG00000189292	ALKAL2	31.9468543331182	-6.87737446813138	0.776259020210983	-6.28317912081168	3.31718486167115e-10	9.66647490182239e-09
ENSG00000189409	MMP23B	8.4746575922848	-8.01202503559046	1.31668718462755	-4.56602381019687	4.97062333772375e-06	9.15754506253306e-05
ENSG00000196104	SPOCK3	24.3440307508293	-9.71905821949509	1.31148634550968	-5.88573281446957	3.96294089604525e-09	1.02033420803302e-07
ENSG00000196220	SRGAP3	528.014334505743	-4.61791272732501	0.414790936191671	-6.31140292350868	2.76517230016245e-10	8.15824233256112e-09
ENSG00000196338	NLGN3	206.64258019859	-3.834962102079	0.488567385413703	-3.75580146539092	0.000172787631130822	0.0026116606306109
ENSG00000196376	SLC35F1	892.268483131293	-3.11305047155995	0.123710066333407	-8.99725062437685	2.31440781069272e-19	1.48741069415101e-17
ENSG00000196549	MME	89.626662169562	-5.66209856961653	0.584197191041696	-6.26860009902916	3.6430840005035e-10	1.05604852818791e-08
ENSG00000196557	CACNA1H	171.624120772569	-5.54082732447182	0.930909154206841	-3.80362284383023	0.000142595230452937	0.00218316852829192
ENSG00000196569	LAMA2	1287.33808493746	-6.99087153973672	0.224988409139454	-22.1827940329283	5.03528084358237e-109	6.42230705134148e-106
ENSG00000196611	MMP1	35.0898952270407	-7.36325022093068	1.10061337367871	-4.87296479326294	1.09935820330793e-06	2.18304890647291e-05
ENSG00000196666	FAM180B	14.8571954761604	-7.97165405667828	1.32471958120175	-4.50786275179911	6.54839113176671e-06	0.000118795266253637
ENSG00000196767	POU3F4	51.7115415043549	-7.85076076875149	1.04167176500697	-5.61670284757341	1.94635723234379e-08	4.65693351652128e-07
ENSG00000196782	MAML3	394.630386167513	-3.83423217642186	0.339139818589282	-5.40848368691032	6.35605754837434e-08	1.45165000288698e-06
ENSG00000196872	CRACDL	20.5746029706117	-4.45727940588396	0.572563654614157	-4.2917139187605	1.77299282226587e-05	0.000307510397342996
ENSG00000197093	GAL3ST4	256.590881431021	-3.87961533971989	0.201883660801719	-9.31038862806222	1.27365461854294e-20	8.79936134585856e-19
ENSG00000197380	DACT3	164.03609682198	-3.88134357845141	0.346573912403418	-5.42840505623948	5.68598795687279e-08	1.30400230031684e-06
ENSG00000197457	STMN3	1032.1238630475	-5.07517352197394	0.243116266736542	-12.64898298766	1.13332355906164e-36	1.86055821116842e-34
ENSG00000197467	COL13A1	523.266388494864	-6.42842348522323	0.384368902737113	-11.5212845099803	1.03062999298991e-30	1.22063399384041e-28
ENSG00000197769	MAP1LC3C	442.637715503657	-9.67499331282778	0.914716208939239	-8.39057320491585	4.83777582625634e-17	2.60438834334923e-15
ENSG00000197852	INKA2	1326.37782221862	-3.39331261034992	0.382527284341762	-3.64238752994439	0.000270121009579705	0.0039776877973722
ENSG00000198028	ZNF560	62.5643304459087	-7.54441421338648	1.22360597700713	-4.53120883484714	5.86471271936242e-06	0.000106977779537677
ENSG00000198075	SULT1C4	32.9858740165628	-9.78527463452135	1.24132580032785	-6.27174157861311	3.57031805584864e-10	1.03676784035072e-08
ENSG00000198108	CHSY3	168.558481831833	-3.11398728825545	0.267730135965977	-4.16085878504544	3.17053095765844e-05	0.000529945300493292
ENSG00000198121	LPAR1	663.9291856218	-3.90816874499699	0.153565786034311	-12.4257413990031	1.89461745310433e-35	2.83014882792098e-33
ENSG00000198300	PEG3	212.577365470243	-3.71110657352744	0.173835099982213	-9.84327430825265	7.32860736759586e-23	5.78645898867176e-21
ENSG00000198483	ANKRD35	51.5790334227746	-4.00186101576368	0.491300948300571	-4.0746125621947	4.60910159641557e-05	0.000752019823968931
ENSG00000198682	PAPSS2	305.947212289564	-4.61362141076975	0.299950928095332	-8.71349666215762	2.94642362169928e-18	1.73243439969489e-16
ENSG00000198719	DLL1	98.9132394650633	-3.79378634504857	0.36863333765431	-4.86604482509044	1.13853705674109e-06	2.25814389208422e-05
ENSG00000198732	SMOC1	2089.23465954015	-9.97398777747809	1.1922369728833	-6.68825741764563	2.25843624703096e-11	7.44475773598816e-10
ENSG00000198739	LRRTM3	5.05068595609679	-7.26730018578973	1.35919447273872	-3.875310186611	0.000106488961771748	0.00166574856145033
ENSG00000198794	SCAMP5	186.657240645754	-3.81606663583728	0.2423151223303	-7.49464836685594	6.64763345515906e-14	2.81903862710978e-12
ENSG00000198795	ZNF521	857.404736719401	-9.502438763925	0.506993658264904	-14.7978946908345	1.51139636231406e-49	4.47508269348741e-47
ENSG00000198879	SFMBT2	872.871116590936	-3.45249472725379	0.283196971653909	-5.12892040748537	2.91408507786753e-07	6.1709380173846e-06
ENSG00000198934	MAGEE1	305.986745205786	-9.20613752497003	1.21564945261931	-5.9278088016601	3.0700365531482e-09	7.99125213308481e-08
ENSG00000203685	STUM	9.37193283101597	-6.59108257393553	1.28432943009091	-3.57469233856187	0.000350639969466981	0.00507326468912043
ENSG00000203727	SAMD5	13.6196787375282	-3.98712226087441	0.577964938179046	-3.43813634635883	0.000585732689510294	0.0081819997681299
ENSG00000203780	FANK1	42.8423255952601	-4.01417299663668	0.536124107848411	-3.75691554837932	0.000172020515995151	0.00260243811652883
ENSG00000204131	NHSL2	310.872579844658	-7.47343133101345	0.347809334211754	-15.7368730296384	8.45182947245051e-56	2.98169754218515e-53
ENSG00000204442	FAM155A	238.457547499878	-6.1359509373885	0.284144318233735	-14.5558108045162	5.3646081704952e-48	1.48250946791635e-45
ENSG00000204764	RANBP17	87.7816977806173	-10.0971921950807	1.19789405120611	-6.75952283670494	1.38446937886063e-11	4.63755288300769e-10
ENSG00000204851	PNMA8B	43.3343745152085	-5.22661999958892	0.637836336927569	-5.05869580138914	4.22133653638965e-07	8.82647933289745e-06
ENSG00000204956	PCDHGA1	44.9654690554145	-3.62560765039217	0.45415379519857	-3.57942104101851	0.000344356272616452	0.00499105887784387
ENSG00000205213	LGR4	2565.91104201274	-3.34198150325336	0.220651009333578	-6.08191871547057	1.18752772054873e-09	3.25461109659809e-08
ENSG00000205221	VIT	66.8504815522031	-7.43186814442386	1.32731439722224	-4.09237491568801	4.26977574868073e-05	0.000699576597716158
ENSG00000205403	CFI	574.249120369648	-3.40037009246017	0.264688649841343	-5.29063143923836	1.21894783482295e-07	2.70929947040205e-06
ENSG00000205593	DENND6B	199.737868205687	-3.88770970647658	0.361918495171742	-5.21584205189845	1.82984052106922e-07	3.97128084814775e-06
ENSG00000205978	NYNRIN	519.745175758206	-13.9355076059536	1.23917939848537	-9.63178343712147	5.87016718031243e-22	4.3647193729489e-20
ENSG00000206052	DOK6	110.529147526457	-9.09769112324212	0.921729826727616	-7.70040300034643	1.35637769223366e-14	6.07355793448972e-13
ENSG00000206190	ATP10A	269.683236408001	-3.60747400022728	0.284262171079832	-5.65489946875779	1.55937517317076e-08	3.79120230884816e-07
ENSG00000213185	FAM24B	30.9689971631507	-6.08863094977496	1.10127229573622	-3.71264306348652	0.000205106052867233	0.0030693713561296
ENSG00000213694	S1PR3	1548.10266079458	-3.04718911715549	0.308741983939352	-3.39179370357742	0.000694366991291491	0.00950726596416532
ENSG00000213996	TM6SF2	25.4465257355303	-3.84294557999632	0.487600929760526	-3.77961867484838	0.000157068718604023	0.00238931781942505
ENSG00000217236	SP9	288.198488908261	-4.98066757852885	0.283461750530919	-10.515237321953	7.34955376486387e-26	6.92403130540954e-24
ENSG00000218336	TENM3	4936.14975421478	-7.46358623459553	0.298848343318133	-18.282136597891	1.14837966040611e-74	6.80045826756921e-72
ENSG00000224982	TMEM233	207.028050930424	-8.79596537982193	1.26830062416693	-5.35832376829885	8.39976147219202e-08	1.90008792592655e-06
ENSG00000225968	ELFN1	333.248291395861	-10.0122722912153	0.686061833250141	-11.6786445519905	1.63888021876301e-31	2.04317841408342e-29
ENSG00000227051	C14orf132	959.013350911351	-6.65631854956599	0.577281109914375	-8.0659465026608	7.26706289644705e-16	3.51297871387722e-14
ENSG00000240694	PNMA2	1978.52624998702	-5.9966781273147	0.359892828006244	-11.1051897017669	1.18365732124377e-28	1.27443000282746e-26
ENSG00000242265	PEG10	40963.230370965	-4.49512704250324	0.197876794880004	-12.6094979657232	1.8718154816211e-36	3.01325946609315e-34
ENSG00000242732	RTL5	371.021973206344	-4.16749945338778	0.208295886153952	-10.4058677941713	2.33122247786036e-25	2.15944133549735e-23
ENSG00000244486	SCARF2	646.796426384595	-3.49566489122139	0.396711833723359	-3.77015446497714	0.000163146540371628	0.00247496137776941
ENSG00000244694	PTCHD4	102.860210370254	-8.96696272060971	1.06094775987309	-6.56673493654682	5.14304765214313e-11	1.63993986769587e-09
ENSG00000248329	APELA	13.1260998297322	-6.74717538153649	1.34007159800446	-3.54247891575766	0.000396385108820721	0.00568060630022158
ENSG00000250510	GPR162	327.007704997223	-3.92154523737629	0.287286245593246	-6.68860854583658	2.25302503494349e-11	7.44171476183227e-10
ENSG00000251322	SHANK3	310.946586284914	-6.25499513683235	0.384224265688086	-11.0742488614359	1.67276964157721e-28	1.77796111711486e-26
ENSG00000253485	PCDHGA5	74.659509068593	-3.58861007877022	0.377389916060033	-4.20946615467467	2.55974781825116e-05	0.000433979331026815
ENSG00000253910	PCDHGB2	584.773663738795	-3.64565667652498	0.387287018963595	-4.24919141604296	2.14543533363884e-05	0.000368636925047312
ENSG00000253953	PCDHGB4	18.9907356508051	-4.7952671032264	0.754474776204997	-3.70491789968987	0.0002114592129397	0.00315874343221006
ENSG00000254122	PCDHGB7	258.514247186056	-5.24500071837701	0.280809121269463	-11.5558949926813	6.8925636704276e-31	8.2219854834072e-29
ENSG00000254221	PCDHGB1	87.7500169582545	-5.12802249705999	0.513951951488984	-6.08621581841983	1.15610579225356e-09	3.17374008962853e-08
ENSG00000254245	PCDHGA3	19.5785078986139	-4.34864114468969	0.518469729680311	-4.52994844296477	5.89980817968187e-06	0.000107499691678357
ENSG00000254585	MAGEL2	65.3660687046632	-11.1515853855862	1.20965004979869	-7.56548175822352	3.8642974538014e-14	1.66425756055795e-12
ENSG00000255690	TRIL	233.831302685293	-3.77417698641046	0.232273072011629	-7.63832402544552	2.20067466663835e-14	9.73050310600815e-13
ENSG00000258405	ZNF578	103.140950310017	-2.95068951613596	0.277091834626146	-3.43095464151311	0.000601461161162265	0.0083734907751734
ENSG00000260230	FRRS1L	140.796847063095	-4.24801744944988	0.393637402501539	-5.71088376044523	1.12390994308775e-08	2.77314743546696e-07
ENSG00000272636	DOC2B	41.3521475777534	-9.36662359249623	1.31102386451159	-5.61898512445508	1.9208239172117e-08	4.60248285712243e-07
ENSG00000273079	GRIN2B	279.218904050233	-6.89127897091307	0.408543006648816	-11.9724946732906	4.95170395964443e-33	6.62130672216648e-31
ENSG00000276547	PCDHGB5	123.353938902659	-9.45484354361753	0.898496371338901	-8.29702131407458	1.06754231490948e-16	5.53153722609817e-15
ENSG00000285447	ZNF883	94.6758021806282	-5.34478816847943	0.548996348677857	-6.09255084580189	1.11125531316418e-09	3.06075155275337e-08
ENSG00000286169	NA	429.190980741529	-5.56222024260838	0.241220025709115	-14.7675145632561	2.37303835554662e-49	6.90304367952957e-47
ENSG00000286190	AC055839.2	230.331411542844	-5.82129286706968	0.442519439637215	-8.63531073392491	5.85676158381519e-18	3.34865392487033e-16
