EnsembleGeneName	external_gene_name	baseMean	log2FoldChange	lfcSE	stat	pvalue	padj
ENSG00000003096	KLHL13	658.101124514434	3.52450393918422	0.289230568459419	5.27089493791913	1.35760167695438e-07	3.09634022085015e-06
ENSG00000005471	ABCB4	211.938365473116	6.18608405632843	0.392470782720492	10.6659762729641	1.46848657501636e-26	1.58110233119132e-24
ENSG00000005893	LAMP2	9814.7091742144	3.19739080037399	0.166231135359598	7.2031680333756	5.88293995695918e-13	2.44473752948221e-11
ENSG00000006047	YBX2	66.4434745898718	4.74097959116603	0.387058036282912	7.08157261760756	1.42527647152809e-12	5.70833554937375e-11
ENSG00000006606	CCL26	72.1079955845028	5.06438471696637	0.796594643021035	3.84685579273404	0.000119643340931683	0.00185056551864574
ENSG00000007171	NOS2	670.187200551306	6.80883765771636	0.535798938832007	8.97507872673132	2.83149226409752e-19	1.91628462167351e-17
ENSG00000007174	DNAH9	722.926186639913	6.27234213849233	0.944482907754732	4.52347215964843	6.08333245973172e-06	0.000113717852891558
ENSG00000008513	ST3GAL1	696.959718224235	3.31017590063794	0.188963350837336	6.93349210221069	4.10576844141219e-12	1.57223433087888e-10
ENSG00000008517	IL32	80.2614773330377	3.99581929095438	0.337708427494559	5.90988891145315	3.42338518129394e-09	9.32071423498109e-08
ENSG00000010278	CD9	2384.21034318773	3.60745179063526	0.299525742997788	5.36665655027565	8.02095830989357e-08	1.89182801900918e-06
ENSG00000011426	ANLN	7019.30874378708	3.44945192352987	0.355189300239907	4.08078712548735	4.4883447382407e-05	0.000746451796437002
ENSG00000012223	LTF	214.371413000093	7.23548514413413	1.50755844819383	3.47282398928323	0.000515012985061492	0.00731115608330873
ENSG00000012504	NR1H4	58.9435954688875	10.5341836737964	1.32455480549091	6.44305817956207	1.17089783775242e-10	3.73358789380248e-09
ENSG00000013293	SLC7A14	167.651496016571	3.70634554382625	0.45466879759279	3.75294181800108	0.000174771429754024	0.00263204820776701
ENSG00000013297	CLDN11	1412.04929546774	5.32551902917256	0.231267603487076	14.379528213334	6.95671589389056e-47	2.21825588916537e-44
ENSG00000014257	ACP3	83.2296860561302	6.39074721797421	1.27121060954121	3.4539888080063	0.000552360298197091	0.0078145785873771
ENSG00000016402	IL20RA	20.1698482449815	8.9527583420018	1.28574630340843	5.4075662699325	6.38869074617756e-08	1.52638157438574e-06
ENSG00000017483	SLC38A5	265.090411723312	4.65271350544571	0.30347311440288	8.74118127619061	2.30685521873367e-18	1.45437134531646e-16
ENSG00000018236	CNTN1	979.813646293778	7.13601393173059	0.944767763766246	5.4362713554665	5.44070771041633e-08	1.31696897148048e-06
ENSG00000022556	NLRP2	55.3814929601532	7.12506076354105	0.843723442426753	6.07433728379069	1.24500804079288e-09	3.52879971357039e-08
ENSG00000023445	BIRC3	301.007599269438	5.04385605314772	0.47187925497397	6.45049770902861	1.11483418033175e-10	3.57544788086667e-09
ENSG00000023909	GCLM	2184.44104018051	4.01467154408054	0.186771772766082	10.7868095603706	3.97345013212328e-27	4.42172997588833e-25
ENSG00000042062	RIPOR3	460.413950793103	4.6327251837614	0.315542238097548	8.34349531027761	7.2126303466012e-17	4.02668766925908e-15
ENSG00000046774	MAGEC2	213.637793117594	8.4232085749336	1.20430323573819	5.33354755208015	9.63123263568384e-08	2.25877607259227e-06
ENSG00000050344	NFE2L3	965.601650784913	5.13236163203566	0.235053997562326	13.3261363964044	1.63129726653004e-40	3.86407713947637e-38
ENSG00000051523	CYBA	66.6014617872536	4.70631335992278	0.56479355943415	4.79168594385913	1.65385643888829e-06	3.27629553323856e-05
ENSG00000053747	LAMA3	361.352367922755	11.0589870659163	1.18855554269474	7.62184579559268	2.50073676563522e-14	1.1454341522375e-12
ENSG00000054219	LY75	133.316068579963	7.65922560262717	0.804863871944856	7.03128292856821	2.04643052709663e-12	8.07901537375932e-11
ENSG00000054967	RELT	488.232898853814	3.31997934134448	0.265500051030038	4.97167264647774	6.63777162865711e-07	1.37404358769992e-05
ENSG00000056558	TRAF1	276.001962757953	5.7925159373862	0.452688167790259	8.37776687625588	5.3941352534102e-17	3.03186971650151e-15
ENSG00000058866	DGKG	187.148569685752	3.83179293286426	0.510784561793647	3.58623394260748	0.000335488013530745	0.00488816059082011
ENSG00000061656	SPAG4	192.412547557405	4.01812519909101	0.333307063264239	6.0548527814758	1.405461404049e-09	3.95652895425068e-08
ENSG00000064886	CHI3L2	275.684594359956	7.46068286321007	1.00890739799618	5.41247182254359	6.21606387616386e-08	1.48942998743747e-06
ENSG00000065833	ME1	1755.36920985321	2.75587728564358	0.184687858742385	4.0927286221772	4.26326563858828e-05	0.000710444297019419
ENSG00000069011	PITX1	928.289978114419	9.24885469159636	0.665514738495004	10.8921024168284	1.25704319100552e-27	1.45755476573864e-25
ENSG00000069812	HES2	28.8737292790393	6.78140358144218	0.956105929086713	5.00091405772314	5.70591450557595e-07	1.19456778304236e-05
ENSG00000073737	DHRS9	17.3859683446465	8.47438586737639	1.37969779113517	4.69261160594414	2.69739294446737e-06	5.2099569728112e-05
ENSG00000074706	IPCEF1	65.6597449641656	7.6754063657847	1.2764288598112	4.44631623780755	8.7355325201111e-06	0.00016022551406633
ENSG00000076554	TPD52	695.404092622667	4.75523992877977	0.426218663015904	6.46438123869054	1.01714142943579e-10	3.28756764941029e-09
ENSG00000076706	MCAM	1894.6579077475	4.3567511248076	0.126194372093817	18.6755644146755	7.8258311395907e-78	7.20889478475296e-75
ENSG00000080493	SLC4A4	127.459837725602	4.60620451012645	0.55874550486528	4.6643856414645	3.09540412076901e-06	5.91300642010034e-05
ENSG00000081041	CXCL2	49.8973240451086	8.31184783338966	1.35329816565792	4.66404817028706	3.10048754176213e-06	5.9159014879123e-05
ENSG00000082482	KCNK2	160.298373837494	5.17227042651959	0.677153171517068	4.68471619118693	2.80348119616248e-06	5.39889915372475e-05
ENSG00000085662	AKR1B1	4288.69374204789	3.34675622489521	0.144034382766208	9.35024123428377	8.74480459106107e-21	6.74407464764575e-19
ENSG00000086300	SNX10	92.9872509559435	9.05020613576073	1.21451334431667	5.80496391311981	6.43798683867322e-09	1.71620996418072e-07
ENSG00000088992	TESC	6.43011869108586	7.24480883041789	1.52691553788234	3.4349043547568	0.000592763001703266	0.00831523124470546
ENSG00000091428	RAPGEF4	62.9621124859763	4.00402049583184	0.466108924303581	4.29946819582154	1.71208441960199e-05	0.00030296768155198
ENSG00000091490	SEL1L3	2822.01180702006	6.2412426393999	0.214247215985551	19.7960221788176	3.22150280617339e-87	4.10890292532007e-84
ENSG00000091513	TF	66.7196955677558	4.24915196323698	0.574247826430912	3.9166921661959	8.97722611215687e-05	0.00142305340502555
ENSG00000092068	SLC7A8	146.901685516563	5.45580259534613	0.473605386143302	7.29679749524741	2.94697820386565e-13	1.24652667342593e-11
ENSG00000092758	COL9A3	2694.45561010901	5.50679772096438	0.26481332143427	13.2425276114171	4.98426946593824e-40	1.14783572242669e-37
ENSG00000095637	SORBS1	623.087064426151	3.05172317722111	0.308325875675861	3.41107659198468	0.000647069122678088	0.00903879791333224
ENSG00000099139	PCSK5	484.156712454818	3.28034526124705	0.26823585541675	4.77320699448557	1.81315265593542e-06	3.57477814364627e-05
ENSG00000100060	MFNG	232.145543286436	4.2835906532619	0.340528329586228	6.70602253867296	2.00000844942976e-11	7.07081878464708e-10
ENSG00000100095	SEZ6L	40.5764810038609	7.84443319412939	1.14523891783174	5.10324361417488	3.33880747194037e-07	7.25567060186674e-06
ENSG00000100292	HMOX1	1641.39577683512	7.00783669807192	0.710815526673253	7.04519880356231	1.85196898946478e-12	7.34629134313768e-11
ENSG00000100427	MLC1	941.82349562723	10.2344395741553	0.925275730175446	8.89944403123374	5.61271226125563e-19	3.72257528015519e-17
ENSG00000100558	PLEK2	12.0207523504332	7.57290047039365	1.30324610166872	4.27616891641412	1.90136978744484e-05	0.0003329103742938
ENSG00000101160	CTSZ	1148.21434696323	9.65845333950669	0.49299309337351	15.5346057428524	2.02312628423834e-54	7.80126905091997e-52
ENSG00000101194	SLC17A9	283.746627664059	8.08431948253232	1.10393627428992	5.51147708815523	3.5583475538294e-08	8.83247916018642e-07
ENSG00000101400	SNTA1	503.704946593301	2.69068948316913	0.164125311319309	4.20830570018161	2.5729263142198e-05	0.000442090064415321
ENSG00000102048	ASB9	109.126611237268	5.41514847441251	0.732768961733638	4.66060743939358	3.15277534166832e-06	6.00185625031027e-05
ENSG00000102098	SCML2	246.621878535214	3.37182318387032	0.314787458751962	4.35793468173476	1.31295552766834e-05	0.000235352601127229
ENSG00000102271	KLHL4	1608.19634423625	4.72243968759923	0.370967165492317	7.33876186585473	2.15578782090022e-13	9.2126592418419e-12
ENSG00000102287	GABRE	737.821200528409	6.07700736421965	1.04092939824292	3.91669922196607	8.9769634871255e-05	0.00142305340502555
ENSG00000102393	GLA	690.883189548336	2.7726881880737	0.216967548020552	3.56130764772484	0.000369012398001982	0.00533443293048898
ENSG00000102466	FGF14	36.7540215822813	6.39320197054131	0.962583746047627	4.56396857788199	5.01955949135465e-06	9.42574359299563e-05
ENSG00000102802	MEDAG	52.0217632881723	7.61689910069855	1.05836513746113	5.3071467510473	1.11354525294676e-07	2.59321542684132e-06
ENSG00000102878	HSF4	106.530710350005	3.76684595180181	0.423782898442581	4.16922428511164	3.05638106889023e-05	0.00051764917776577
ENSG00000102996	MMP15	395.012710986421	3.04553859510479	0.232051538522457	4.50563095492514	6.61760122077993e-06	0.000123288141395227
ENSG00000103489	XYLT1	960.370569334597	4.56005852292557	0.300544373652546	8.51807169707728	1.62231764468946e-17	9.53888257680706e-16
ENSG00000104055	TGM5	96.3798890914385	4.04177670200872	0.519310920745301	3.93170376443926	8.43459616389553e-05	0.001344750374938
ENSG00000104321	TRPA1	48.6069708391807	9.65177907627754	1.25006382434197	6.12111072033095	9.29253028976647e-10	2.674990359976e-08
ENSG00000104324	CPQ	312.623443989505	3.10375767530465	0.284573601159906	3.87863691785111	0.00010504339908785	0.00164155464114567
ENSG00000104369	JPH1	443.314456100459	9.41852267994779	1.03473637369748	7.16948091177925	7.52826642708899e-13	3.09620317537929e-11
ENSG00000104611	SH2D4A	360.108362743859	8.48679355917717	0.857047207588568	7.56877042681084	3.7677331206638e-14	1.71158309243086e-12
ENSG00000105173	CCNE1	331.184369714396	3.08536752987082	0.251094441566048	4.32254701896825	1.54238199069847e-05	0.000274696410180144
ENSG00000105357	MYH14	261.75547318525	8.49698358570952	1.1888570233894	5.46489902308589	4.63170384467236e-08	1.13271801546479e-06
ENSG00000105643	ARRDC2	198.425282676774	3.24144240019333	0.326340113080841	3.80413669797867	0.000142299587381769	0.00218267294947004
ENSG00000105835	NAMPT	2226.07780486068	3.1602067880226	0.196519407444162	5.90377715418389	3.55271984399768e-09	9.65699143169272e-08
ENSG00000106327	TFR2	33.5534528149873	4.28053287325293	0.565522326897117	4.03261332893019	5.51599992959165e-05	0.000903762794788134
ENSG00000106348	IMPDH1	1316.06710660223	3.20899525085921	0.222518296275929	5.43323974294691	5.53399753513043e-08	1.33759785903787e-06
ENSG00000106733	NMRK1	174.306331154628	4.11669224229864	0.28365091372575	7.46231420338445	8.50158509211214e-14	3.77921668665714e-12
ENSG00000106772	PRUNE2	2786.34071663615	2.83002471109572	0.245482736831063	3.38119381350604	0.000721716172091419	0.00998063039987308
ENSG00000106853	PTGR1	1167.64885843778	2.74587072878409	0.184662370985499	4.0391051236024	5.36555153505198e-05	0.000880853564383137
ENSG00000106991	ENG	1029.82398566327	3.29680218876402	0.155739608763202	8.3267333150668	8.31036676412872e-17	4.60850138180663e-15
ENSG00000107159	CA9	213.891283092126	6.53908053334606	0.404252241005949	11.2283373421775	2.95995956604223e-29	3.86449524130286e-27
ENSG00000107485	GATA3	54.6123585712165	5.06929659189702	0.564987495532228	5.43250357958046	5.55688386015645e-08	1.33922516402986e-06
ENSG00000107562	CXCL12	625.713301021092	13.3795242926602	1.21124741460328	9.39488015038392	5.72830006468944e-21	4.50146651055051e-19
ENSG00000107742	SPOCK2	268.334229740856	3.8681135115924	0.433488769851925	4.30948536966836	1.63634882806896e-05	0.000291119097834887
ENSG00000108448	TRIM16L	359.152209213847	3.20564878648396	0.332675531677571	3.62409817278799	0.000289971455427473	0.00426999707144132
ENSG00000108511	HOXB6	297.168619171386	7.70768918022341	1.19592310395947	4.77262222071501	1.81842688419107e-06	3.58091878465228e-05
ENSG00000108691	CCL2	4891.85954412041	6.0210403178737	0.406822181219835	9.88402428259153	4.88315527066904e-23	4.19521230792556e-21
ENSG00000109743	BST1	279.938574654551	4.98679173841829	0.367117146128706	8.13580016600795	4.09226357018622e-16	2.11382623854385e-14
ENSG00000109854	HTATIP2	389.771930217693	4.86174753255049	0.200648038656213	14.2625243272562	3.74653144793401e-46	1.17209882902253e-43
ENSG00000109944	JHY	128.052667836312	5.75431037343967	0.38636495740001	9.71700538968073	2.55175706139405e-22	2.13690322398863e-20
ENSG00000110675	ELMOD1	211.168428068844	9.23182925979177	1.3013722836418	5.55707951575085	2.74325810756863e-08	6.86062785544427e-07
ENSG00000110719	TCIRG1	728.493930819786	5.32508167997773	0.257442379036422	12.9158287474779	3.66476870190496e-38	7.59569123078576e-36
ENSG00000110852	CLEC2B	110.582979449122	5.75141518114808	0.372122485667776	10.081130073116	6.69516150567498e-24	6.1332857969943e-22
ENSG00000111058	ACSS3	704.689766749564	5.16834493517373	0.2537059443128	12.4882566065042	8.65289859051224e-36	1.57663419262949e-33
ENSG00000111319	SCNN1A	69.6547555503646	4.39054601853653	0.557381300359838	4.28888808611489	1.79569819591546e-05	0.000316413090185698
ENSG00000111321	LTBR	395.26675711595	10.7894202101382	1.06965126695258	8.21708951477163	2.08501438563442e-16	1.10100711873262e-14
ENSG00000112182	BACH2	138.762266414003	3.53744760141348	0.431519851739458	3.56286644801165	0.000366827324385121	0.00531675163079519
ENSG00000112246	SIM1	60.3894659948721	10.2742983981761	1.24926025883608	6.62335837520769	3.51128337231126e-11	1.20315889015714e-09
ENSG00000112319	EYA4	1152.62951755624	3.79371400965843	0.298702439468943	6.00501962035342	1.91308768667581e-09	5.33124486265069e-08
ENSG00000113389	NPR3	87.5175440357431	3.92134672847118	0.399686132390075	4.80713883411905	1.53105670541591e-06	3.04393899670278e-05
ENSG00000113889	KNG1	62.531189721354	10.7162354228967	1.20642382234292	7.22485353942151	5.01642180314967e-13	2.10043661409153e-11
ENSG00000114270	COL7A1	1530.62528958419	3.64799585248577	0.149453454687018	11.0268167165286	2.83730855499205e-28	3.43397176279732e-26
ENSG00000115041	KCNIP3	177.714791564949	5.55779041424339	0.345385890216637	10.3009141804022	6.97948355016015e-25	6.88850099673842e-23
ENSG00000115112	TFCP2L1	52.5463265102916	6.81712441714045	1.25574531801331	3.836067989297	0.000125019811264217	0.00192653670127508
ENSG00000115380	EFEMP1	1778.76579830366	7.07119619585842	0.447742272367816	11.3261501288234	9.73920876664987e-30	1.30230500451469e-27
ENSG00000115756	HPCAL1	1673.88104779062	3.64605295050025	0.168422384130781	9.77336212757843	1.46507755642802e-22	1.2457667160581e-20
ENSG00000115828	QPCT	256.855724168338	9.19219554491596	0.671247133798466	10.714675985604	8.68608704249735e-27	9.47526376655583e-25
ENSG00000116016	EPAS1	2565.93625658073	4.33151404982713	0.22943663498661	10.1619083193196	2.93279049903901e-24	2.73194377890819e-22
ENSG00000116396	KCNC4	149.183361240189	5.97466829921285	0.3907456278247	10.172009655847	2.64396396668249e-24	2.49088446202059e-22
ENSG00000116675	DNAJC6	819.473548675863	2.84398824698333	0.131655723219473	6.41057013204348	1.44976442901482e-10	4.57877028523709e-09
ENSG00000116815	CD58	245.987534167023	3.2530795692002	0.210565496852349	5.95102040900309	2.66475850578543e-09	7.36406013073805e-08
ENSG00000117016	RIMS3	224.181604332086	3.27708415877643	0.311427591050786	4.10074185934337	4.11827758594586e-05	0.000687665263369268
ENSG00000117115	PADI2	125.954350417358	10.5057965306468	1.25797462422112	6.7615008815565	1.36569486005539e-11	4.93346110557264e-10
ENSG00000117600	PLPPR4	145.048175261309	8.33834117068548	0.936976678538198	6.76467335406266	1.33610295030518e-11	4.83710109585377e-10
ENSG00000117643	MAN1C1	526.636289962311	4.84115834098202	0.223016318566054	12.7396881055613	3.55814416741309e-37	6.94089275763252e-35
ENSG00000117676	RPS6KA1	541.409384126411	2.99635689661908	0.251484036092845	3.96190912194219	7.43528426430391e-05	0.00119346029415705
ENSG00000117707	PROX1	565.986504069017	3.60828350507001	0.208899223287727	7.6988486589768	1.3729766308989e-14	6.43088291438834e-13
ENSG00000117791	MTARC2	71.1128962211407	8.27384200966236	1.22583589821853	5.11801132499052	3.08774066576944e-07	6.7543308679582e-06
ENSG00000119138	KLF9	697.882285100882	6.17740463808712	0.565856086591868	7.38245065675177	1.55402135105713e-13	6.76305197424628e-12
ENSG00000119938	PPP1R3C	148.454185326031	3.12927063791735	0.315305466949084	3.58151302875985	0.000341610098605784	0.00497299125986172
ENSG00000120068	HOXB8	214.12525416368	7.20078818459556	1.19418349182956	4.35509971472445	1.33006358231272e-05	0.00023816181704457
ENSG00000120075	HOXB5	133.258133948953	6.42744002879617	0.886415353207696	4.99476911447266	5.89061974839024e-07	1.2270397744731e-05
ENSG00000120093	HOXB3	2702.85375715868	8.94681020096827	0.52830196464149	13.1493173713303	1.71717681390168e-39	3.7463827304347e-37
ENSG00000120675	DNAJC15	329.803038508237	5.10225266485258	0.26162324094824	11.8577105520466	1.96268540975354e-32	2.95848061628396e-30
ENSG00000120833	SOCS2	198.92232247138	3.6581243133963	0.324936434933801	5.10291901778914	3.34454146519468e-07	7.25861806732892e-06
ENSG00000120937	NPPB	8.6891503675885	7.8648904039731	1.46326999245875	4.00807126107894	6.12166505045675e-05	0.00099806615734143
ENSG00000121297	TSHZ3	371.143828364556	4.66075089242976	0.315185530704913	8.44185609180404	3.12337752762848e-17	1.81079450299328e-15
ENSG00000121310	ECHDC2	388.803765716009	5.41906338699907	0.283505694527837	12.0599460716065	1.71895432167249e-33	2.76718268035453e-31
ENSG00000121316	PLBD1	105.722875417716	4.21862400002847	0.575924585846572	3.852282146919	0.000117022074054683	0.00181510103826071
ENSG00000121900	TMEM54	235.205097138136	3.57644457408124	0.303540947882964	5.19351535625128	2.06359912122069e-07	4.59899691249466e-06
ENSG00000123095	BHLHE41	1014.95315531413	6.15280131751497	0.402964335481645	10.3056299326126	6.64548578144299e-25	6.5981317210842e-23
ENSG00000123496	IL13RA2	497.817827779437	6.79441701504347	1.20893662468193	3.96581335792095	7.31460846515977e-05	0.00117636782697201
ENSG00000123689	G0S2	32.1583618181485	7.6160596895431	1.33344509034258	4.21169175260172	2.53465264283097e-05	0.000437326487729244
ENSG00000124102	PI3	20.8655700068144	7.98998180524406	1.26279419344983	4.74343470718692	2.1012469029705e-06	4.12316862700047e-05
ENSG00000124107	SLPI	16.1592706283775	7.98062986665741	1.46614688269695	4.07914782429994	4.52010889829682e-05	0.000750981218864325
ENSG00000124134	KCNS1	39.1847989777233	4.10899959895287	0.537598799108615	3.92299908863222	8.74534822630002e-05	0.00139028397833443
ENSG00000124479	NDP	111.957892342393	9.51563774840296	1.32409811478903	5.67604293402416	1.37846195060639e-08	3.55463104245794e-07
ENSG00000124875	CXCL6	257.151542535033	8.40465078410181	0.733977848032967	8.72594561438881	2.63965527707479e-18	1.65162732638404e-16
ENSG00000125355	TMEM255A	499.668048301447	3.81481987597842	0.486511520856003	3.73027112037408	0.000191273833346826	0.00286755102235418
ENSG00000125430	HS3ST3B1	188.443125389914	3.71499893970452	0.258443348088608	6.63587959368386	3.2257308492828e-11	1.1166146808342e-09
ENSG00000125538	IL1B	77.7650350648356	6.6497830881636	1.11422667011461	4.17310338450734	3.00478510049335e-05	0.000509430897252354
ENSG00000125730	C3	757.305236160961	6.45468400592747	0.517629865700367	8.60592539400748	7.57034947093822e-18	4.54796973107343e-16
ENSG00000126878	AIF1L	2290.68342752656	3.17828058774116	0.278132506876097	4.23640012803705	2.27131876692228e-05	0.000394659066505515
ENSG00000127824	TUBA4A	416.203702463534	3.78187250120847	0.169514648698461	10.5116136858363	7.63753665003744e-26	7.91487469964193e-24
ENSG00000128242	GAL3ST1	12.9330057693346	5.82970147137723	1.13060198864822	3.38731181249392	0.000705811200199608	0.0098015540289026
ENSG00000128422	KRT17	18.6792135828273	5.78875624551069	1.00363332258989	3.77504030628811	0.000159981793532196	0.00242917410124299
ENSG00000128487	SPECC1	2092.98067171421	2.88109233579418	0.125556685961454	7.01748639705795	2.25895144190871e-12	8.87575209912047e-11
ENSG00000128578	STRIP2	271.503342972077	3.07207748743624	0.229775690786819	4.66575678116835	3.07483237801726e-06	5.88048392847799e-05
ENSG00000128604	IRF5	79.4313649781987	3.29983477183338	0.351274500305705	3.70033911001843	0.000215311553131075	0.00321339411563128
ENSG00000128709	HOXD9	72.968642036747	8.36254583838841	1.19939916804316	5.30477759857796	1.12810448986129e-07	2.61888460393846e-06
ENSG00000128710	HOXD10	174.18757193809	9.69205943279773	1.18848504324424	6.47215501492601	9.66149255246965e-11	3.13497471648727e-09
ENSG00000128713	HOXD11	53.1356000327976	7.82088677156335	1.19717516963438	4.86218468208044	1.16097226086324e-06	2.34757086065528e-05
ENSG00000129521	EGLN3	220.931281081687	8.20663489741724	0.762999686164561	8.13451828350899	4.13579557854135e-16	2.12466855337907e-14
ENSG00000130303	BST2	973.27573132213	4.01402500450002	0.34994550240682	5.75525329129295	8.65119807008217e-09	2.29146190415387e-07
ENSG00000130720	FIBCD1	281.13043954638	3.2572202548162	0.279744966963785	4.49416576984907	6.98432064887796e-06	0.000129828498519109
ENSG00000130775	THEMIS2	164.63749843257	4.3415663834635	0.618866328832174	3.78363836320217	0.000154552341704498	0.00235752748647864
ENSG00000130829	DUSP9	56.6152980228653	5.59649399990335	0.954984624248314	3.76602293752553	0.00016586856040725	0.00250707985425033
ENSG00000130988	RGN	20.5284058253522	7.86110344004837	1.26403109578451	4.63683485287262	3.53784852840517e-06	6.70412187994127e-05
ENSG00000131015	ULBP2	55.1181391264129	6.11724996974324	0.749545307170046	5.49299679466765	3.95169967618348e-08	9.75046612065451e-07
ENSG00000131242	RAB11FIP4	163.503969895404	4.23515369967344	0.574235590484591	3.89239841053254	9.92580673237093e-05	0.00156147819193019
ENSG00000132429	POPDC3	681.805415216856	3.91510700388099	0.223971507744961	8.55067246348914	1.22373431781116e-17	7.27266620918524e-16
ENSG00000132561	MATN2	771.060912637899	3.94189864279956	0.369353588486978	5.25755997323421	1.45979295802957e-07	3.31663826779191e-06
ENSG00000132623	ANKEF1	204.532959951131	3.82887142212102	0.358660172118569	5.09917622388362	3.41134846440195e-07	7.38427792274787e-06
ENSG00000132639	SNAP25	465.324524223546	7.23906778186018	0.621594272192884	8.42843638725562	3.50314518538645e-17	2.00988409407933e-15
ENSG00000132837	DMGDH	57.5538280781889	6.15202666083222	1.03789787076006	4.0004192876816	6.32303509973272e-05	0.00102685842300361
ENSG00000132840	BHMT2	702.736270910748	12.2816012910469	1.03124075834495	9.97012696389928	2.05965377022102e-23	1.83608167548574e-21
ENSG00000133048	CHI3L1	110.602329639977	9.39036862488551	1.30772169047709	5.65133137937731	1.592098202126e-08	4.06757785661806e-07
ENSG00000133101	CCNA1	144.247447260338	4.8365776935673	0.648569757297668	4.37358921172365	1.22220265237197e-05	0.00022003628858827
ENSG00000133135	RNF128	68.1293722866189	8.22764628285787	1.22703141637525	5.07537639195484	3.86729694629747e-07	8.3061723661345e-06
ENSG00000133169	BEX1	893.472460847132	3.46190244195102	0.303720539339363	4.81331438805842	1.48447476392645e-06	2.95487107571002e-05
ENSG00000133805	AMPD3	231.267680035382	4.93686795378622	0.258090056970805	11.3792371091554	5.30618642874042e-30	7.15299814430446e-28
ENSG00000134184	GSTM1	77.7465059094501	5.91276139436073	0.884301207529818	4.42469303563491	9.65795117111443e-06	0.000176169954200493
ENSG00000134198	TSPAN2	118.409705345689	9.410289131596	1.0760435896131	6.88660682813083	5.71388561844974e-12	2.14834325259672e-10
ENSG00000134201	GSTM5	49.2927289872709	9.32998929355744	1.20701431898304	6.07282712249287	1.25677733519095e-09	3.55607935064866e-08
ENSG00000134207	SYT6	185.423614287098	7.81291130070709	1.2199648918204	4.7648185121403	1.89023708094368e-06	3.7179147140127e-05
ENSG00000134215	VAV3	298.972619878966	9.01646358716406	1.29891448132968	5.40179025487606	6.59790713187057e-08	1.57409925400786e-06
ENSG00000134222	PSRC1	1294.09798442161	2.67387973055965	0.195788685997586	3.44187268598331	0.000577702074496818	0.00813147546454307
ENSG00000134330	IAH1	610.814292735028	2.68081521942041	0.114749111791792	5.933076158844	2.97310852415445e-09	8.17530886218988e-08
ENSG00000134470	IL15RA	134.309693368115	3.46676082745323	0.372839050435314	3.93403219362535	8.35325876015004e-05	0.00133434858865171
ENSG00000134595	SOX3	745.31898786335	8.53624947034561	0.626943575468955	10.4255785147116	1.89502564095929e-25	1.91594025321622e-23
ENSG00000134873	CLDN10	104.389034677063	4.04424152206639	0.369839536496636	5.52737422675464	3.25059103100204e-08	8.09389854837433e-07
ENSG00000135111	TBX3	88.9635074217508	7.63469203526176	1.28158312628037	4.39666528039874	1.09926662146439e-05	0.000199201528420776
ENSG00000135127	BICDL1	47.4510641532327	6.33548424878885	0.866372641075673	5.00417954496576	5.61004511916683e-07	1.17598177144002e-05
ENSG00000135314	KHDC1	72.5406770413502	3.74150553817707	0.465690721635436	3.73961828584681	0.000184299908027061	0.00276800432517817
ENSG00000135457	TFCP2	571.673146449605	8.94256278279406	0.728239648504398	9.5333490795951	1.52289274101567e-21	1.23779826170494e-19
ENSG00000135903	PAX3	74.6130487960925	9.820928823805	1.22600998675228	6.37917219950448	1.78047748701743e-10	5.52848262401424e-09
ENSG00000135919	SERPINE2	4905.48717343639	5.48281842486012	0.375026493823185	9.28685968117808	1.58907520904002e-20	1.18154511395034e-18
ENSG00000136235	GPNMB	153.627409490783	7.46825272551194	0.834772336517577	6.55059168386421	5.73095585531298e-11	1.91582619026098e-09
ENSG00000136928	GABBR2	959.59948220801	7.5210302700138	1.02252869068201	5.39938910303963	6.68682030151671e-08	1.58845512062247e-06
ENSG00000137142	IGFBPL1	409.17028784354	7.77094158630859	0.448115883494986	12.8782348469761	5.96850120847227e-38	1.19233395828529e-35
ENSG00000137203	TFAP2A	508.917762484364	3.70354922150965	0.245582928989997	6.93675748764701	4.01201667249713e-12	1.5398900103397e-10
ENSG00000137273	FOXF2	49.802791090527	7.78750082643135	1.0640729784833	5.43900742097662	5.35782237205033e-08	1.2988019408036e-06
ENSG00000137463	MGARP	42.9057558776033	3.87696815921721	0.548127331104404	3.42432871470826	0.00061632022604951	0.00863108586835044
ENSG00000137960	GIPC2	15.4547805151346	4.95776360135312	0.844199529762383	3.50363095106869	0.000458960933971205	0.0065490802462793
ENSG00000138135	CH25H	73.381871665967	7.68651511540478	1.12554152080401	5.05224819368966	4.36639798547525e-07	9.3177921489273e-06
ENSG00000138207	RBP4	33.2430865123391	8.75178643299662	1.32298192703282	5.10346082212892	3.33497579578657e-07	7.25567060186674e-06
ENSG00000138411	HECW2	77.5730774760676	3.94411910391473	0.357157035237986	5.44331739851993	5.22973405007257e-08	1.26960791045759e-06
ENSG00000138623	SEMA7A	553.761479487191	5.84047494207958	0.417955803432679	9.18871064963733	3.97578077798265e-20	2.89133425788291e-18
ENSG00000138678	GPAT3	1050.34294115232	3.63951145889029	0.367261043525607	4.46415836308536	8.03840959641724e-06	0.000148259031722129
ENSG00000138835	RGS3	1840.85727616006	3.76489200227478	0.394261258907704	4.47645301789071	7.58933595710327e-06	0.000140445066411528
ENSG00000139044	B4GALNT3	244.791975952624	6.54270264560528	1.11948432550461	4.05785283644561	4.95259587661679e-05	0.000817104400300328
ENSG00000139117	CPNE8	186.960030876188	9.32818953791425	1.19593560327482	6.12757870728789	8.92264643444825e-10	2.57816399362439e-08
ENSG00000139832	RAB20	371.891023679519	3.93828948547175	0.289008292678329	6.70669158835902	1.99086410122115e-11	7.05352941503161e-10
ENSG00000139973	SYT16	47.0396732549496	4.89980580286309	0.678883968329413	4.27143066877671	1.94222912187748e-05	0.000339347745730774
ENSG00000140015	KCNH5	122.160688656767	11.3422676556635	1.22479934804974	7.62759032370427	2.39182222609445e-14	1.09858183742028e-12
ENSG00000140403	DNAJA4	60.195967611573	3.52681687121726	0.343308140419131	4.44736576695569	8.69297467338079e-06	0.00015962149840457
ENSG00000140961	OSGIN1	316.603531259014	3.94518975682489	0.301550878677366	6.45061876575088	1.11394396085979e-10	3.57544788086667e-09
ENSG00000141448	GATA6	279.271406779357	8.57784640385402	1.03329469459096	6.36589584586795	1.94153154177808e-10	5.99488538067456e-09
ENSG00000141574	SECTM1	42.4037687528718	3.75307522071201	0.485445419017899	3.61127152926613	0.000304699441208289	0.00447099242006605
ENSG00000141622	RNF165	24.3128712257739	4.99260855817541	0.735084435689337	4.07110858682383	4.67899306578929e-05	0.000775823840238521
ENSG00000141750	STAC2	256.814537882495	8.55705306776113	0.545661681229751	12.0167006284619	2.90334392937379e-33	4.54154204650442e-31
ENSG00000141934	PLPP2	624.519696968535	5.63805641540302	0.4115281563804	8.84035845178025	9.5411996154548e-19	6.17979026655687e-17
ENSG00000142552	RCN3	629.777097484502	5.13386245589969	0.473155315942157	6.62332716194782	3.51202522668149e-11	1.20315889015714e-09
ENSG00000142583	SLC2A5	24.4920869243439	6.35941015820985	1.18345955229309	3.68361567555307	0.000229948860500901	0.00342568019403903
ENSG00000142619	PADI3	41.2014981910983	8.92683388594441	1.27938625288162	5.41418502062438	6.15684783923549e-08	1.47951730467194e-06
ENSG00000142910	TINAGL1	28.8503650715731	5.76132401480973	0.856035923584858	4.39388571341524	1.11342365848919e-05	0.000201546699578703
ENSG00000142945	KIF2C	2037.6005117426	3.05159965110184	0.250548069564246	4.19719718028874	2.70238636218099e-05	0.000463374025556598
ENSG00000143631	FLG	1959.42343586727	6.42886104518678	1.01124906246345	4.37959471072129	1.18900237118119e-05	0.00021452500888526
ENSG00000143867	OSR1	155.411269278134	3.72172584893191	0.33780620252629	5.0967857785202	3.45468884583026e-07	7.46834364442133e-06
ENSG00000143995	MEIS1	310.539663051583	5.51116162761269	0.425527832268644	8.25130898934016	1.56668890809014e-16	8.46165107004645e-15
ENSG00000144152	FBLN7	386.197223901966	3.62172058217686	0.263445838671102	6.15580261338458	7.46982132184563e-10	2.17675056832201e-08
ENSG00000144681	STAC	480.679085553274	5.30166606274381	0.268834751668871	12.2813960704401	1.14013659868867e-34	1.90955605483403e-32
ENSG00000144843	ADPRH	65.2521979655106	5.17939591419312	0.720100267953336	4.41521279144858	1.00910677003708e-05	0.000183868124769064
ENSG00000144893	MED12L	514.812212691084	3.27721203630083	0.205849896691979	6.20457943786086	5.48433658914864e-10	1.62675822870615e-08
ENSG00000145536	ADAMTS16	342.496530583214	6.40293096954485	0.351912533869938	12.511435501107	6.4645307294404e-36	1.19098204472057e-33
ENSG00000145681	HAPLN1	37.4770548830099	4.69366138486998	0.608728650811823	4.42506095495525	9.64150554593525e-06	0.000176063660195102
ENSG00000145824	CXCL14	748.470723754154	7.55445201447074	0.755742211793417	7.3496649092681	1.9870436356583e-13	8.5355364048835e-12
ENSG00000146678	IGFBP1	19.6134042831626	8.98656143376301	1.27884255100455	5.46319124920809	4.6765029858682e-08	1.14031023542177e-06
ENSG00000147231	RADX	219.870606342646	5.74106896087422	0.482106462020505	7.75983990174166	8.50366635499974e-15	4.06338016807639e-13
ENSG00000147234	FRMPD3	269.191059021447	7.37306580843021	0.506522226699604	10.6077591963536	2.7424730783617e-26	2.87803456407059e-24
ENSG00000147408	CSGALNACT1	76.6119120053415	5.54205725407468	0.94367029176625	3.7534902655938	0.0001743893075395	0.00262868100755678
ENSG00000147642	SYBU	537.443776299612	3.0635834681033	0.295298789335051	3.60171970395902	0.000316119102240215	0.00463036292777828
ENSG00000147883	CDKN2B	984.241190791931	2.9324683838437	0.264451356747742	3.52604878005285	0.00042180926846884	0.00603565101035023
ENSG00000147889	CDKN2A	2903.43852982463	5.85285346748026	0.186032322648377	20.7106669025608	2.77586911199626e-95	5.1140761940011e-92
ENSG00000148053	NTRK2	1627.86263579072	10.3510242059197	0.597006915918765	13.9881532076858	1.84131484998469e-44	5.26393819441314e-42
ENSG00000148671	ADIRF	120.879814044674	5.35276637271365	0.801740532671613	4.18185963673476	2.89134456675362e-05	0.000491706505244531
ENSG00000148680	HTR7	91.7244716863607	9.28201239048468	1.04251788849739	6.98502392220863	2.84807448062664e-12	1.10854279256503e-10
ENSG00000148735	PLEKHS1	229.944507151291	6.30963201758223	0.877946010254712	4.90876656109173	9.1650993393453e-07	1.88310423972347e-05
ENSG00000149295	DRD2	257.083032045	6.67641348923696	0.568304016582648	8.22871799737997	1.8922767563179e-16	1.00630364298008e-14
ENSG00000149418	ST14	17.9984784270889	4.78664976218793	0.653834508942184	4.2620108361921	2.02595616722885e-05	0.000353603991671805
ENSG00000149571	KIRREL3	295.932534000335	6.87123781619307	0.473572065785662	10.2861595269806	8.13568565640767e-25	7.88876046016933e-23
ENSG00000149970	CNKSR2	186.899398081338	3.39092719180827	0.283850267360217	4.90021448541787	9.57320859756068e-07	1.9620935940192e-05
ENSG00000150540	HNMT	135.657745562279	5.55576127331339	0.452546593061638	7.85722691945906	3.92730994559546e-15	1.90964006474834e-13
ENSG00000150625	GPM6A	5828.91603491864	5.4970383362559	0.716804968841338	4.87864689597311	1.06816095536836e-06	2.17849653148373e-05
ENSG00000150782	IL18	196.773424779457	4.47246528888379	0.300470763921669	8.22863847588294	1.89353318020496e-16	1.00630364298008e-14
ENSG00000151320	AKAP6	932.376916888263	3.98307986809985	0.364015583757846	5.4477883821014	5.0999984489777e-08	1.23992777540322e-06
ENSG00000151468	CCDC3	90.2835218825419	6.57555303793083	0.548961895462358	8.33491919157177	7.75511398800795e-17	4.31501828977047e-15
ENSG00000152049	KCNE4	1427.99568405834	14.8507547861002	1.23155213916196	10.4346006778445	1.72336815245945e-25	1.75307775067056e-23
ENSG00000152669	CCNO	99.7163173135016	4.21381459215595	0.360790932147861	6.13600397043425	8.46230428253804e-10	2.4530326452581e-08
ENSG00000152977	ZIC1	2306.32858444647	6.76100744251662	0.274893688463016	17.3194498176235	3.35550521894727e-67	2.41902747979846e-64
ENSG00000153976	HS3ST3A1	307.269752496045	4.01861391785511	0.285191551812799	7.0780985797929	1.46145753837702e-12	5.83913914309143e-11
ENSG00000154027	AK5	147.669970146055	3.74640317065316	0.260118839626876	6.71386652792341	1.89533691045667e-11	6.73826832538054e-10
ENSG00000154065	ANKRD29	58.4779450956772	8.8350705662892	1.20096092121856	5.69133470167704	1.26050146416778e-08	3.26568355896344e-07
ENSG00000154096	THY1	4722.67999429406	8.25579984147843	0.287908745814858	21.7284119791945	1.10559875743642e-104	2.47951197807603e-101
ENSG00000154237	LRRK1	386.826353431049	3.52459490714594	0.181257162483186	8.41122572073458	4.05748037509078e-17	2.31989938273725e-15
ENSG00000154451	GBP5	670.34205427636	8.41954226885425	0.48655807792066	13.1937841753416	9.52797060637078e-40	2.13490919762478e-37
ENSG00000154553	PDLIM3	218.797590174785	5.46199617060511	0.62171663155501	5.56844709453264	2.57019641155705e-08	6.46683257967033e-07
ENSG00000154589	LY96	131.342748760477	6.76264329171989	0.76733782387719	6.20670993077769	5.41053302193585e-10	1.60774279635696e-08
ENSG00000155816	FMN2	506.921869641205	4.61802792473416	0.300092096940853	8.72408154504034	2.6834968330716e-18	1.67274665372783e-16
ENSG00000155846	PPARGC1B	270.800801231585	5.97266771738383	0.529857135597764	7.49762049142175	6.49867288924887e-14	2.91228365342258e-12
ENSG00000155897	ADCY8	74.3438024436478	8.67525121238272	1.20548092642894	5.53741752858518	3.06964158713437e-08	7.66532035486069e-07
ENSG00000155966	AFF2	184.051084418346	9.03945210189406	0.793916348812079	8.86674284063687	7.53165799738722e-19	4.93606408121255e-17
ENSG00000156466	GDF6	72.6286916040607	8.02762116390881	1.07739612097543	5.5946193294734	2.21106353759247e-08	5.57167849799707e-07
ENSG00000156475	PPP2R2B	653.366438530302	3.46128594460561	0.368125218340131	3.96953501635806	7.20130239097709e-05	0.00115926985383292
ENSG00000156510	HKDC1	66.5596321905759	7.66565929111295	1.45903119087826	3.88316529936727	0.000103105423672562	0.00161345604526272
ENSG00000156687	UNC5D	153.293292102625	3.44651141517202	0.417687803071426	3.46314018397291	0.000533910153061939	0.00756000362760035
ENSG00000157470	FAM81A	75.0333855895155	3.55377963230048	0.457324848792652	3.39754036196042	0.000679945568276483	0.00946614396943104
ENSG00000157542	KCNJ6	38.5448562959411	8.18102879303196	1.43786372970199	4.29875840481284	1.71757570404492e-05	0.000303615381116939
ENSG00000157978	LDLRAP1	622.657563314215	2.74718248079597	0.198900341806621	3.75656710294851	0.000172260097323212	0.00259894874769443
ENSG00000158104	HPD	61.7666129157593	7.16906183704135	1.10156210582201	4.69248334680509	2.69908512131043e-06	5.2099569728112e-05
ENSG00000158458	NRG2	123.816408150131	6.64625318728116	1.08634592668244	4.27695550115441	1.89466657033719e-05	0.000332393630859581
ENSG00000158473	CD1D	27.8351558373757	7.48970790832736	1.07755305923	5.09460565426839	3.49467901675181e-07	7.54495739280753e-06
ENSG00000158816	VWA5B1	32.442370513389	8.37424778955154	1.32173403914578	4.82264025951177	1.41670342554894e-06	2.83016379506348e-05
ENSG00000158859	ADAMTS4	433.464737115147	3.70321590428653	0.257030307996776	6.62651777356893	3.43698107421856e-11	1.18233575086344e-09
ENSG00000159307	SCUBE1	6.36031305477946	6.90839410704009	1.34893484914567	3.63871843784654	0.000273998166110629	0.00404916541201456
ENSG00000159339	PADI4	62.2954014639385	9.70243986764564	1.67349909559071	4.60259577548611	4.17257578192154e-06	7.85306232009547e-05
ENSG00000159399	HK2	1324.09091909997	3.49582819968632	0.275562531070559	5.42827137591976	5.69024748129199e-08	1.36937581258784e-06
ENSG00000160539	PLPP7	218.686096325036	6.10561610147072	0.519581859848027	7.90176951649462	2.74971523220745e-15	1.34492708746996e-13
ENSG00000160703	NLRX1	444.442382670102	2.91964086540679	0.20906818710653	4.39876041464973	1.08870933844887e-05	0.00019772058642739
ENSG00000160712	IL6R	159.055722649055	3.9970234282358	0.530245412697183	3.76622480914565	0.000165734572254271	0.00250707985425033
ENSG00000162039	MEIOB	61.5473768608715	5.75689334548082	0.697207987705341	5.38848293727322	7.10549072217665e-08	1.68068675698161e-06
ENSG00000162433	AK4	847.912690223762	4.7954592424596	0.266932854208873	10.4725184569156	1.15527812611498e-25	1.18979295708773e-23
ENSG00000162493	PDPN	1723.91119772744	3.91077016686194	0.36059147250152	5.29898877975792	1.16445789013699e-07	2.69286977355111e-06
ENSG00000163064	EN1	309.002166951874	10.684666243152	1.19081970960893	7.29301520043205	3.03093879939744e-13	1.27877853009692e-11
ENSG00000163171	CDC42EP3	3552.76647836307	4.25640053318717	0.226499907148516	9.96203734294536	2.23436229357014e-23	1.97063623349396e-21
ENSG00000163293	NIPAL1	87.0457180357004	4.96914665042082	0.594285067471105	4.99616566685008	5.84814262612645e-07	1.22126011188668e-05
ENSG00000163395	IGFN1	13.7176952280858	6.47185620141717	1.18334115843687	3.77900841995917	0.000157454100742203	0.00239298482530382
ENSG00000163412	EIF4E3	217.451094435514	3.59752872707803	0.290559530436534	5.49811160789638	3.83879949041489e-08	9.48601108056175e-07
ENSG00000163531	NFASC	672.822241703865	6.18867502882404	0.256580307105486	16.3250059058585	6.55343655963362e-60	3.6220843865095e-57
ENSG00000163689	CFAP20DC	34.358718231674	8.74976165218891	1.23353725207518	5.47187500080258	4.45298886703335e-08	1.09223385213432e-06
ENSG00000163694	RBM47	228.224328566544	3.36975216312002	0.340254697487311	4.02566716414283	5.68140027206475e-05	0.000929026606618399
ENSG00000163710	PCOLCE2	270.699772051948	8.90535839077813	0.858381496153688	8.04462633656512	8.65089740964336e-16	4.35989452733424e-14
ENSG00000163734	CXCL3	25.4910995314471	6.97987964670359	1.37184501086265	3.63005996105355	0.000283355388126879	0.00418371833529098
ENSG00000163735	CXCL5	121.382763990272	7.87205360758092	1.0966816282007	5.3543831286889	8.58487868789338e-08	2.01909040459518e-06
ENSG00000163739	CXCL1	93.4361094890701	7.38823937513723	1.09810415118896	4.90685639363366	9.25477433474493e-07	1.89917590649017e-05
ENSG00000163827	LRRC2	190.486253060735	7.19675045472858	1.21327901577899	4.28322783724399	1.84201379123394e-05	0.000324229624972929
ENSG00000163898	LIPH	127.542237524657	7.19751671201406	0.558767276055557	9.30175573040767	1.38145345075721e-20	1.04117634850024e-18
ENSG00000163975	MELTF	315.97539268483	3.96744159547716	0.391518907737083	5.0251509099488	5.0303681480978e-07	1.06388436560726e-05
ENSG00000164124	TMEM144	55.850518863219	4.35724314347585	0.577459024763188	4.0820959451496	4.4631363088885e-05	0.000743004649976709
ENSG00000164171	ITGA2	1593.7870640701	3.61216196585687	0.424502395724821	3.79776882791006	0.000146004392796619	0.00223536365370337
ENSG00000164176	EDIL3	3237.49177211512	3.84238737464642	0.289969930116547	6.35371872492405	2.10170987703772e-10	6.47740733664728e-09
ENSG00000164241	C5orf63	46.9964747505657	8.23582094057084	1.22076949786753	5.10810677319816	3.25402764364172e-07	7.09001739280201e-06
ENSG00000164309	CMYA5	358.558733295121	6.68530405079389	0.513393206801599	9.12615123987126	7.09778105687021e-20	5.0294148591438e-18
ENSG00000164318	EGFLAM	96.2521198779104	5.58268948891108	0.50805297419039	7.05180300266974	1.76614132233995e-12	7.02263531552007e-11
ENSG00000164362	TERT	52.3664122380507	8.57715506878239	1.21967751477934	5.39253613277629	6.94701242515725e-08	1.64554875745046e-06
ENSG00000164430	CGAS	198.7744956972	9.68663005500069	1.20031741215549	6.40383116762198	1.51525666146341e-10	4.75842248176607e-09
ENSG00000164619	BMPER	28.0743460064936	7.4335705714784	1.28391971312072	4.23201740416575	2.31604481857987e-05	0.000401698108126285
ENSG00000164746	C7orf57	235.096821034543	6.87314044341803	0.529343081134665	9.20601518578895	3.38456586526423e-20	2.49419940497539e-18
ENSG00000164764	SBSPON	143.771698189885	3.92111673786335	0.439857882242758	4.3675851119637	1.25627846283129e-05	0.000225925739611774
ENSG00000164778	EN2	135.686264419184	5.98092584144612	0.603287835073469	6.59871724574277	4.14730422199286e-11	1.41494755771324e-09
ENSG00000164932	CTHRC1	165.838936254726	4.26375155196344	0.25611656757524	8.8387548427472	9.6791245457913e-19	6.24473012037998e-17
ENSG00000165105	RASEF	366.056661723554	8.48985558166157	1.05393839308993	6.15771815906112	7.38005422317324e-10	2.15437815271893e-08
ENSG00000165118	C9orf64	365.673466271285	9.04383991493445	0.85142247684079	8.27302556196387	1.30601684701141e-16	7.1233767566764e-15
ENSG00000165171	METTL27	101.148819483807	3.95542622964695	0.46461273866137	4.20872280704328	2.5681821024746e-05	0.000441732649804267
ENSG00000165507	DEPP1	138.324219263984	4.83632237394683	0.484404429474163	5.85527753539692	4.76214084612188e-09	1.28391963202515e-07
ENSG00000165671	NSD1	2876.38560993084	3.65124647858386	0.248155244401872	6.65408656812334	2.85064860249267e-11	9.92995892393508e-10
ENSG00000165757	JCAD	287.872848231051	4.50639665359917	0.476412848464151	5.26097619255911	1.4329258884518e-07	3.26364617533233e-06
ENSG00000165959	CLMN	519.366563634461	4.38983514966902	0.25698455588216	9.29952829836546	1.41070131677068e-20	1.05840898341062e-18
ENSG00000165983	PTER	77.7943384160562	6.17752175049169	0.487031009452846	8.57752724038028	9.69344284940391e-18	5.80241790202044e-16
ENSG00000166206	GABRB3	162.456768192823	4.0455576602375	0.390972419711216	5.2319743212281	1.67709052787176e-07	3.78853379327544e-06
ENSG00000166473	PKD1L2	30.2105692336521	6.42663635096559	1.12320768445583	3.94106665421381	8.11200790217224e-05	0.00129706078134926
ENSG00000166573	GALR1	25.9278751536193	7.11055853385902	1.29593576231062	3.94352766741079	8.02917234001814e-05	0.00128505508272047
ENSG00000166592	RRAD	53.2637434321649	5.33537424527624	0.632269264252921	5.27524337153611	1.32580022479316e-07	3.03633888498554e-06
ENSG00000166741	NNMT	1345.5744442704	6.14231969820424	0.293183040475351	14.1287834776804	2.52467979046294e-45	7.34416063257299e-43
ENSG00000166897	ELFN2	277.920988208733	4.25078820439534	0.48169001816093	4.6726901524527	2.97280071871116e-06	5.69849811756644e-05
ENSG00000166900	STX3	517.530578822623	3.59782381578831	0.471201969927758	3.39095317456606	0.000696500000003562	0.00968035750214506
ENSG00000166922	SCG5	184.457330340275	5.39650024859912	0.487704405804006	6.96425992502531	3.30134590655923e-12	1.27896300179109e-10
ENSG00000167034	NKX3-1	86.0745504292287	4.77805797924697	0.572927315637879	4.84888379977828	1.2415812044173e-06	2.5014165188874e-05
ENSG00000167207	NOD2	170.42172812774	6.57134308432527	1.12836332282327	4.05130421368831	5.0932934833023e-05	0.0008386484532933
ENSG00000167306	MYO5B	510.688498998967	3.69489465592389	0.386040902754127	4.39045356031453	1.13114471951802e-05	0.000204531195139895
ENSG00000167550	RHEBL1	47.5319942882385	4.13398069879278	0.524606778458199	4.06777187489736	4.7464814369174e-05	0.000785443200653966
ENSG00000167553	TUBA1C	4243.90197929384	4.03042111366912	0.236952077317885	8.56891037484005	1.04468800260022e-17	6.23092509752311e-16
ENSG00000167767	KRT80	1816.67927742394	3.56850049141468	0.365602994994952	4.29017407649065	1.78533121333024e-05	0.000314921030300305
ENSG00000168004	PLAAT5	103.036138525909	4.0144563907066	0.527670523674136	3.81764055471597	0.000134734030640197	0.00206854163152324
ENSG00000168016	TRANK1	478.82834942552	4.38235438196369	0.361090183726884	6.59767141098917	4.17665672386163e-11	1.41912182660552e-09
ENSG00000168389	MFSD2A	507.828331717062	3.12804087642832	0.250445872395505	4.50413043600458	6.66452652053962e-06	0.000124023023835092
ENSG00000168404	MLKL	37.7833370615036	4.37355566282932	0.588959595690566	4.0300823353532	5.57573190360799e-05	0.00091264768700616
ENSG00000168453	HR	43.5555786509357	5.57990967773916	0.963560600332132	3.71529271382121	0.000202968596279184	0.00303464589261059
ENSG00000168672	LRATD2	3191.32719682734	6.11795996208578	0.284488809485073	14.4749453222407	1.74464423717791e-47	5.67214629346017e-45
ENSG00000168765	GSTM4	722.302980986444	2.96247148644894	0.162370268811826	5.92763375642596	3.07330993576361e-09	8.42290116444568e-08
ENSG00000169071	ROR2	31.1019915955778	6.16213841359906	0.766102851220763	5.43287158762927	5.54543154516292e-08	1.3384104869046e-06
ENSG00000169242	EFNA1	277.967337017652	4.28441470705809	0.4494419246501	5.08278062585405	3.71949197013246e-07	7.99907864549498e-06
ENSG00000169429	CXCL8	451.17115082152	9.89915948911354	1.25882253847673	6.27503817867139	3.49548510462013e-10	1.06541614925931e-08
ENSG00000169715	MT1E	112.404914059518	6.58718983061118	0.687768734621736	6.6696690321843	2.56380940000189e-11	8.96846490747495e-10
ENSG00000170160	CCDC144A	42.8533893414563	9.19443942775776	1.21502221208562	5.9212410737811	3.19521068744477e-09	8.72813647586849e-08
ENSG00000170214	ADRA1B	204.548614066168	9.48246866144017	1.19733055038866	6.24929236041904	4.12316482795576e-10	1.24302174567881e-08
ENSG00000170430	MGMT	71.5624882722978	8.48621088288812	1.22543616706629	5.29298143567624	1.20338140535262e-07	2.77514145787926e-06
ENSG00000170542	SERPINB9	99.0703876945611	4.82030084537202	0.558983842891629	5.04540673444617	4.52557608972235e-07	9.63267999277103e-06
ENSG00000170689	HOXB9	1164.87697134263	11.0022703001572	1.23117328748164	7.31194413628919	2.63304584412784e-13	1.11944956773035e-11
ENSG00000171346	KRT15	35.5328381831267	8.01187370963965	1.27687099609653	4.70828590203577	2.49808560245816e-06	4.85020578154083e-05
ENSG00000171385	KCND3	82.0944970470381	4.43376689860415	0.67630603856603	3.59861772602898	0.000319913027924709	0.00467767011994673
ENSG00000171401	KRT13	12.6070250266574	8.19754496369476	1.39210100314172	4.45193628171233	8.50994207213768e-06	0.000156607491118884
ENSG00000171522	PTGER4	32.4309530535453	4.73700126393519	0.808081828014255	3.38703478911408	0.000706524280745307	0.00980324610798154
ENSG00000171587	DSCAM	132.926333038494	10.1902142845955	1.2311786447804	6.65233621401578	2.88476770440573e-11	1.00277428316041e-09
ENSG00000171766	GATM	350.853901059153	3.36007419722887	0.395544134505335	3.43848910546927	0.000584970075362595	0.00821286098186891
ENSG00000172986	GXYLT2	434.225351320815	4.63347409428744	0.260211769597745	10.1205033821432	4.48105004176238e-24	4.15085423142246e-22
ENSG00000173083	HPSE	192.47507595887	6.63871630746481	0.506655542653541	9.15556214616769	5.40755244804403e-20	3.88149901043368e-18
ENSG00000173404	INSM1	265.373397972317	3.63291631034163	0.337191343455073	4.84269938133569	1.28087002194928e-06	2.57431585865951e-05
ENSG00000173421	IHO1	22.3982243623121	7.13591752167419	1.17201764731145	4.3821162023078	1.17532090214677e-05	0.000212287536802784
ENSG00000173917	HOXB2	843.529202494155	6.32023714496568	0.317125394005076	13.6231195187621	2.91830804857641e-42	7.44437934668391e-40
ENSG00000174607	UGT8	559.323447065944	7.90015134475833	0.425160340241734	13.8774734760154	8.67481496989291e-44	2.43791706806431e-41
ENSG00000174963	ZIC4	358.020233495491	4.38213775216634	0.357228534476748	6.668385983375	2.58631857110294e-11	9.02815752157008e-10
ENSG00000175063	UBE2C	1547.45759113794	3.13170278385466	0.317512824525546	3.56427424796382	0.000364864319805771	0.00529756154702232
ENSG00000175264	CHST1	98.5948035118496	7.96059169301232	1.19722139820327	4.97868790347186	6.40167740752385e-07	1.32682766367691e-05
ENSG00000175426	PCSK1	387.878506596227	8.90721342391618	1.22616536730932	5.633182609841	1.769139548186e-08	4.49909552890675e-07
ENSG00000175793	SFN	56.1066745949123	6.25177423639454	1.11178358248666	3.82428226443573	0.000131153592085616	0.00201543810043707
ENSG00000175920	DOK7	70.62548290355	4.42403040859838	0.702099654379255	3.45254465442164	0.000555325552249752	0.00784314564042005
ENSG00000176463	SLCO3A1	1130.68397339639	10.0366034834918	0.596921397003764	13.46342001448	2.56751654828452e-41	6.35402863986652e-39
ENSG00000177098	SCN4B	215.287220014385	9.2300489352097	1.11766059027652	6.46891283284931	9.87105138497874e-11	3.19671685574868e-09
ENSG00000177570	SAMD12	31.4062764879418	6.33966317710999	1.22516120389923	3.54211606056287	0.00039693078847219	0.00571311580178591
ENSG00000177679	SRRM3	240.668801234344	4.60286531724589	0.335576340831747	7.75640294185975	8.7372119911835e-15	4.16298023062683e-13
ENSG00000178538	CA8	449.077916977772	12.0117747625187	1.18471892753863	8.45075952599081	2.89413814143991e-17	1.68377910607772e-15
ENSG00000178860	MSC	230.037827877065	11.7575328890796	1.20305798155668	8.11060899696118	5.03666846569448e-16	2.56174846103314e-14
ENSG00000178919	FOXE1	33.44098652066	6.54120103916108	1.28361612985026	3.53781861536037	0.000403447104109897	0.00579684266312496
ENSG00000179299	NSUN7	117.915673174743	4.96030283151442	0.558399911266051	5.30140276133385	1.14916251102752e-07	2.66120999935018e-06
ENSG00000179598	PLD6	170.403913525208	5.09269221196254	0.706230883580156	4.37915175315543	1.19142147707613e-05	0.00021472782077608
ENSG00000180071	ANKRD18A	58.5936681222335	6.02763385775186	0.627235182842159	6.42124990422515	1.35159927892307e-10	4.27688313813423e-09
ENSG00000180287	PLD5	158.750398025072	6.13336818329011	0.800603839395418	5.16281334150415	2.43265687533617e-07	5.37095654460041e-06
ENSG00000180543	TSPYL5	220.898120003759	11.1875931421115	1.24235985883835	7.39527527129069	1.41115629845382e-13	6.1737157215469e-12
ENSG00000180660	MAB21L1	39.0888803111035	5.67550491539824	0.835939848662079	4.396853339724	1.09831502087577e-05	0.000199201528420776
ENSG00000180758	GPR157	186.898215642297	3.66325160047866	0.26554062244522	6.26364277210273	3.76086494596322e-10	1.14001648389426e-08
ENSG00000180818	HOXC10	92.5082340111397	8.36557766009384	1.24529896053043	5.11168631938987	3.19295693334936e-07	6.9752857591391e-06
ENSG00000181481	RNF135	131.129964746478	4.65246910338952	0.406994424196353	6.51721238841799	7.16259771839498e-11	2.37051961614186e-09
ENSG00000182240	BACE2	859.712774120134	5.80466529022403	0.312617799138051	12.1703412304554	4.47209040758704e-34	7.3417555493268e-32
ENSG00000182742	HOXB4	530.489279000426	8.2636070060509	0.56580305081357	11.0702955684746	1.74823044209216e-28	2.13142712943604e-26
ENSG00000182752	PAPPA	1808.83663961848	3.07973441053684	0.228006548982676	4.735541217366	2.18471297270682e-06	4.2768271311041e-05
ENSG00000182902	SLC25A18	585.84189419735	4.9519061979608	0.36402090314494	8.10916673316821	5.09680689829279e-16	2.58440841530865e-14
ENSG00000183072	NKX2-5	194.638130425908	6.35240899678707	1.21828097773587	3.5725822501767	0.000353478408286338	0.00514125042789103
ENSG00000183111	ARHGEF37	147.954269532083	3.20604763337584	0.338411905309305	3.56384516754374	0.000365461576847652	0.00530159090613378
ENSG00000183421	RIPK4	80.0821198111055	9.20994112358599	1.36125564063252	5.29653718844156	1.18019311922013e-07	2.725457118355e-06
ENSG00000183486	MX2	89.3425984302817	4.89149593630091	0.848550266813205	3.40757177198251	0.000655436686984486	0.00913260143436114
ENSG00000183508	TENT5C	140.316512622048	6.52275143784181	0.408270720953786	11.0778246044094	1.60730342716741e-28	1.97412578710096e-26
ENSG00000183668	PSG9	8.53640394363212	7.62374489635857	1.66189522673311	3.38393468246101	0.000714549999123761	0.009898039712173
ENSG00000183696	UPP1	3443.9158578234	3.56118542218508	0.277703784197835	5.62176502813841	1.89016242560044e-08	4.79216868178608e-07
ENSG00000184216	IRAK1	6002.82352989277	3.30231282416214	0.202788717850255	6.4220181377339	1.34479394113647e-10	4.2634853418707e-09
ENSG00000184307	ZDHHC23	134.354413593164	5.40389863720028	0.473238241916508	7.19278015955612	6.34851202284557e-13	2.63161694627006e-11
ENSG00000184371	CSF1	2722.48392081987	4.65928276859103	0.246937199066888	10.7690650847251	4.81869328048538e-27	5.32658355224854e-25
ENSG00000184719	RNLS	74.3776374061041	4.10783210891635	0.565204675078763	3.72932532559575	0.000191993143494707	0.00287573469944511
ENSG00000184922	FMNL1	126.078738933868	3.43427024348824	0.296636206155225	4.83511524799406	1.33068517778947e-06	2.66474528175449e-05
ENSG00000185046	ANKS1B	512.128491862997	4.02143561320204	0.36571511894777	5.52735041148444	3.25103216525982e-08	8.09389854837433e-07
ENSG00000185215	TNFAIP2	1626.69713245766	10.9121879612484	0.873609582458111	10.2015684582715	1.95096033938141e-24	1.85913065444156e-22
ENSG00000185483	ROR1	305.284950393604	5.28373361826512	0.302508356230854	10.8550178883627	1.88769833327667e-27	2.1438305523329e-25
ENSG00000185774	KCNIP4	91.4812852468349	3.33643951116481	0.356481261598927	3.74897548659493	0.000177558437913469	0.00266917176703829
ENSG00000186081	KRT5	101.181910696759	7.5900856661906	1.25044079158924	4.47049208870249	7.80398307836942e-06	0.000144256235699491
ENSG00000186088	GSAP	560.649916731567	3.4667520322535	0.299818587883647	4.89213174742427	9.97496338209639e-07	2.03688260884902e-05
ENSG00000186205	MTARC1	74.3554036390902	8.30513549348906	1.20441892893646	5.23500199308283	1.64983083412781e-07	3.73203888958706e-06
ENSG00000186832	KRT16	12.5667091888362	7.89631088636099	1.36029173453808	4.33459289404801	1.46030114426565e-05	0.000260507059404703
ENSG00000187017	ESPN	17.8177986340904	4.78787187624324	0.786689011394712	3.54380426809402	0.000394397928042198	0.00568159169840806
ENSG00000187210	GCNT1	1453.24712577626	3.2812676955922	0.302852088744735	4.23067148357077	2.32994741649537e-05	0.000403687127616612
ENSG00000188133	TMEM215	10.5345383745008	7.41258022290326	1.30968148364542	4.1327454732258	3.58455607342638e-05	0.000602183629721203
ENSG00000188338	SLC38A3	126.597135348263	6.82998272925147	1.2880704262179	3.74978155770062	0.000176988677133912	0.00266302110304664
ENSG00000188372	ZP3	133.675768624943	3.76928844677847	0.503527473990189	3.5137873068927	0.000441766385857829	0.00631459348612815
ENSG00000188610	FAM72B	104.115427100715	4.38003023664031	0.409947536723823	5.80569468879065	6.40996729319255e-09	1.71149223330798e-07
ENSG00000188677	PARVB	489.666267756816	4.97078580393987	0.365730766825171	8.12287637085775	4.55263006681748e-16	2.32268181962771e-14
ENSG00000188869	TMC3	7.65904206122943	6.97233173640088	1.27969431242682	3.88556211285438	0.00010209338504534	0.00160000984634856
ENSG00000189060	H1-0	2469.09626384932	3.03760211927739	0.27496532769747	3.77357439196484	0.000160925204095355	0.00243903181819478
ENSG00000189410	SH2D5	128.440727712922	4.13784885823295	0.445435653752069	4.79945608355564	1.5909711653387e-06	3.1554895804403e-05
ENSG00000196126	HLA-DRB1	40.8637384565092	4.34607853340013	0.538043942533945	4.36038462277107	1.29834026844674e-05	0.000233237052991499
ENSG00000196196	HRCT1	130.189925624692	3.73009785929678	0.370977363747182	4.66362109488662	3.1069321762576e-06	5.92138418557785e-05
ENSG00000196371	FUT4	60.9942614644368	5.89497118463936	0.746513850270175	5.21754711346575	1.81308115099681e-07	4.07906357729688e-06
ENSG00000196460	RFX8	107.947280309153	8.34829886193971	1.23351030470893	5.14653087023681	2.65347814394984e-07	5.82745974898442e-06
ENSG00000196878	LAMB3	365.915733071692	6.08371622357012	0.365844781305421	11.1624285277446	6.22670177756313e-29	8.00348388943987e-27
ENSG00000197134	ZNF257	67.1202535829784	6.40426394840326	0.654182444368402	6.73247040839728	1.66806320045238e-11	5.97368378546455e-10
ENSG00000197162	ZNF785	222.756512252928	7.37129172942712	0.850059099188251	6.31872740913702	2.6372599341191e-10	8.08288483689995e-09
ENSG00000197635	DPP4	558.858496857947	8.04412850380046	0.365355201014036	16.5431571441302	1.79370167333048e-61	1.10153212761084e-58
ENSG00000197956	S100A6	13363.6363000428	9.61289756336061	0.346065183726815	21.9984497757806	2.97989928732981e-107	9.8819420166431e-104
ENSG00000198074	AKR1B10	81.3019977855981	7.13432214925817	1.20196501789895	4.27160697091918	1.94069395117261e-05	0.000339347745730774
ENSG00000198133	TMEM229B	71.6393135323048	4.4557928626037	0.494354302749357	4.96767773426018	6.77594454441812e-07	1.40089696372814e-05
ENSG00000198353	HOXC4	116.461901325278	7.112297746431	1.20418380993962	4.2454463382026	2.18158716654906e-05	0.000379967403451155
ENSG00000198354	DCAF12L2	40.2099036132845	7.63301633871268	0.898640850108472	6.26837333071686	3.64839229384337e-10	1.10998151604068e-08
ENSG00000198417	MT1F	79.6888114584494	5.02624307361184	0.597208113408039	5.0673174152679	4.03461191345435e-07	8.65432084566449e-06
ENSG00000198542	ITGBL1	458.025152543835	6.71932330187207	0.437090851578711	10.7971221196384	3.55161400609248e-27	3.97900755642023e-25
ENSG00000198597	ZNF536	159.933251266564	3.94385179165559	0.415829072391058	4.67464138685218	2.94467712532617e-06	5.65766992062957e-05
ENSG00000198846	TOX	317.587807830541	5.10900197971077	0.370244263851625	8.39716447560333	4.57389171009887e-17	2.60617520430066e-15
ENSG00000198914	POU3F3	1000.44565239213	10.9657619615024	1.21220724349998	7.39622866434602	1.40106659660382e-13	6.1457897455788e-12
ENSG00000198963	RORB	513.637243548718	3.25073179599853	0.236804765045175	5.28170028909653	1.27990456401676e-07	2.94157151765516e-06
ENSG00000203797	DDO	145.235872035018	4.70980210195473	0.403624213326613	6.71367577187932	1.89781756706635e-11	6.73826832538054e-10
ENSG00000203995	ZYG11A	74.1358002791917	5.34070208393421	0.433779185074669	7.70138863016019	1.34595453807091e-14	6.34013414652095e-13
ENSG00000204632	HLA-G	52.5524193835668	5.87262132322845	0.676422957519674	5.72514767598765	1.0334380565814e-08	2.71560006595503e-07
ENSG00000204642	HLA-F	277.293354898871	4.2872335025352	0.315843098444577	7.24167636968822	4.4317235559512e-13	1.86031413370194e-11
ENSG00000206503	HLA-A	9028.42768899273	3.61550440277154	0.265695471187912	6.08028580821757	1.19968512177849e-09	3.41200325972713e-08
ENSG00000215845	TSTD1	31.3877508990465	7.0374396863733	1.22170576385841	4.1232838833992	3.73508899045687e-05	0.000626837151323536
ENSG00000221887	HMSD	86.2187060851131	4.98206826322169	0.456012922943706	6.53943805796447	6.17504100794484e-11	2.0559910633079e-09
ENSG00000221955	SLC12A8	384.789156962246	4.11583395610967	0.434107726790492	4.87398363478293	1.09370054008369e-06	2.21966323808173e-05
ENSG00000227471	AKR1B15	11.8890196489355	8.12417502159403	1.63995547976093	3.73435443655264	0.000188197301255494	0.00282398140463109
ENSG00000230453	ANKRD18B	8.43868249373709	7.0300371919234	1.30591304243788	3.85173976249852	0.000117281622899427	0.00181742671896767
ENSG00000234602	MCIDAS	17.3717481682128	7.7592136834467	1.23372372747645	4.66815507814462	3.03916472310861e-06	5.81898271060783e-05
ENSG00000235750	KIAA0040	123.00111116523	7.45777615044149	0.947432039237044	5.76059909778496	8.38159031064524e-09	2.22360238305294e-07
ENSG00000248905	FMN1	100.556984574972	3.52291058345376	0.355798542516151	4.28026088213847	1.86674359877158e-05	0.00032823409980097
ENSG00000250479	CHCHD10	326.990783071023	3.92355884541507	0.28992762741104	6.63461727532429	3.25345590745416e-11	1.12152915595629e-09
ENSG00000251493	FOXD1	724.146849513243	3.28959180641538	0.255063579777159	5.05596215477747	4.28226254945395e-07	9.15002517171339e-06
ENSG00000253159	PCDHGA12	306.008997768998	7.44846340768591	0.428239952043312	12.7229217677823	4.41054222069272e-37	8.50362797224488e-35
ENSG00000253293	HOXA10	97.9808899806972	9.61479908605504	1.18957592961277	6.40127199659613	1.54087787079778e-10	4.82973458897884e-09
ENSG00000253304	TMEM200B	143.146752270454	3.04749123274693	0.222100916770921	4.71628504724873	2.40189869694325e-06	4.6817598862941e-05
ENSG00000253958	CLDN23	21.5386236621487	8.12233298402087	1.26994122508648	4.82095774440582	1.42870621146904e-06	2.85070730353407e-05
ENSG00000254087	LYN	227.745408121206	4.72752265424834	0.362486061486093	7.52448975021617	5.29266049557926e-14	2.39774873434972e-12
ENSG00000259207	ITGB3	273.683116447893	5.27769447090833	0.527747819279559	6.21072101327258	5.27420389738876e-10	1.57004622661765e-08
ENSG00000262655	SPON1	327.202895890918	7.27786342443347	0.383845524839763	13.7499673251023	5.09525328759251e-43	1.34102213907256e-40
ENSG00000266302	AC098850.3	124.529949163909	9.939943188951	1.19934591838111	6.62022779855576	3.58645753165421e-11	1.22612479035791e-09
ENSG00000275895	U2AF1L5	33.9948627290288	5.5171669301139	0.791586786523677	4.443185497777	8.86366838364409e-06	0.000162396116540555
ENSG00000276600	RAB7B	313.530007958058	4.38669730643342	0.356290322036804	6.6987430160589	2.1021990277297e-11	7.40794533541266e-10
ENSG00000277288	LINC02881	72.8085646058937	10.8927972003479	1.25500480901616	7.08586703131378	1.38176436034958e-12	5.56093079100882e-11
ENSG00000277586	NEFL	2303.77027364853	8.00961007831862	0.450663521471322	13.3350266706711	1.44802916610352e-40	3.47967704393658e-38
ENSG00000283486	FAM95C	41.1338618529263	8.27308765901981	1.20379505743705	5.21109271903441	1.8773159348419e-07	4.21785576092324e-06
