EnsembleGeneName	external_gene_name	baseMean	log2FoldChange	lfcSE	stat	pvalue	padj
ENSG00000000971	CFH	666.682056450277	-6.1504170307988	0.187381329194774	-22.1495762071612	1.05304843333873e-108	8.73029803659475e-105
ENSG00000001460	STPG1	240.283361985928	-2.92768079557712	0.242373299875299	-3.8274875823963	0.000129457912944493	0.00242547079608208
ENSG00000001461	NIPAL3	1157.02224230631	-2.50233658291571	0.134782272141987	-3.72702266353338	0.000193755042101244	0.0034768964860181
ENSG00000002746	HECW1	593.44277064305	-10.2203165495514	0.785023803321302	-10.4714233056025	1.16872365831815e-25	1.71492097155515e-23
ENSG00000005379	TSPOAP1	44.1151396190479	-6.89225626258545	0.686887653345136	-7.12235288953035	1.06099975667143e-12	5.44657491187893e-11
ENSG00000006042	TMEM98	240.271866240229	-6.14854926955572	0.357501360060117	-11.6042894741942	3.91929406062226e-31	8.02294010113305e-29
ENSG00000006377	DLX6	165.837491704046	-5.93857143997936	0.428401993920355	-9.19363470729222	3.79786680159782e-20	3.74835889507699e-18
ENSG00000006740	ARHGAP44	104.384346173015	-4.73639738513995	0.405533533594663	-6.74764762579417	1.50261325309701e-11	6.59122496021205e-10
ENSG00000006757	PNPLA4	63.0350135279883	-10.5397886210614	1.21236176099278	-7.04392772506145	1.86895114294942e-12	9.30602970007335e-11
ENSG00000007944	MYLIP	129.636132193006	-3.0322729194846	0.285810195103694	-3.61174281802678	0.000304146117614341	0.00526414068493046
ENSG00000008394	MGST1	1595.71626990738	-3.10229060201067	0.228395435688999	-4.82623743633666	1.39136618077038e-06	3.43818817337612e-05
ENSG00000011465	DCN	113.808025435793	-6.11711554288775	0.892567687734711	-4.6126647866189	3.97539149407885e-06	9.27088134505224e-05
ENSG00000018625	ATP1A2	358.77162278185	-8.17445939603533	0.542102990669886	-11.3898272142079	4.69920624449121e-30	9.0601789232452e-28
ENSG00000021355	SERPINB1	558.460439807526	-6.43553296889452	0.556931274326525	-7.9642375520359	1.66245617004705e-15	1.12053600632318e-13
ENSG00000028116	VRK2	286.328884397505	-7.10246341226088	0.577705989143284	-8.83228408247531	1.02559567305569e-18	8.99756711901396e-17
ENSG00000039068	CDH1	46.7369382115919	-5.37335672817124	0.705092920140134	-4.78427258566261	1.71607667119335e-06	4.15998059723054e-05
ENSG00000040731	CDH10	147.207982045619	-12.3035484140333	1.29669887833515	-7.94598390280257	1.92655443483073e-15	1.27776796335713e-13
ENSG00000043355	ZIC2	841.919729315914	-6.51065969415865	0.217581082411346	-20.7309369186383	1.82208083446125e-95	6.0423844632404e-92
ENSG00000046604	DSG2	724.882443938649	-11.548641785311	1.07110793225153	-8.91473351825455	4.88990792350064e-19	4.38267909619265e-17
ENSG00000048540	LMO3	99.0938449173966	-11.2858723977731	1.28203909915202	-7.24304929850817	4.38707350405525e-13	2.31662629843121e-11
ENSG00000048740	CELF2	1187.09090273563	-3.13754441618117	0.264344684585747	-4.30326192472458	1.68301684343971e-05	0.000361478008822199
ENSG00000050030	NEXMIF	41.9855657011634	-5.99559310533168	0.594741682225841	-6.71819921949651	1.8398404442437e-11	7.90321098601159e-10
ENSG00000053438	NNAT	116.579883499054	-5.83557599356477	0.46170827528644	-8.30735812821463	9.78562712524575e-17	7.34187707528053e-15
ENSG00000054179	ENTPD2	136.41843962814	-3.46436289924856	0.418184334491425	-3.50171629702352	0.00046227157336259	0.0077658814163375
ENSG00000061918	GUCY1B1	186.131175167467	-3.80032404768543	0.278575407815547	-6.46260939471539	1.02912695663209e-10	4.06284620664684e-09
ENSG00000064763	FAR2	285.590184553019	-2.75881351061215	0.214798873712612	-3.53266987622754	0.000411385828005583	0.00694622038101892
ENSG00000066248	NGEF	1038.44469821662	-2.91840007183775	0.202923829683276	-4.52583648392203	6.01570814277292e-06	0.000137391813657463
ENSG00000067715	SYT1	1224.02856384432	-3.64353012789612	0.104458011037676	-15.7338830365373	8.86064984439523e-56	6.99611595571035e-53
ENSG00000069702	TGFBR3	199.659021223478	-3.55136169654538	0.206388155053039	-7.51671866123666	5.61681045384087e-14	3.30256504025303e-12
ENSG00000070159	PTPN3	522.842059041116	-10.7854677093872	1.19857261275312	-7.32994197924058	2.302523947639e-13	1.2641771382716e-11
ENSG00000071242	RPS6KA2	3468.09099376615	-3.59872500707569	0.234549469657051	-6.81615272638766	9.3510885038387e-12	4.24795612279861e-10
ENSG00000072041	SLC6A15	214.263960133478	-10.6241337482491	1.18838424986993	-7.25702461067874	3.95697732051854e-13	2.11647228875864e-11
ENSG00000072163	LIMS2	33.0838276406007	-3.7082340401179	0.410634869598044	-4.15998291082789	3.18271407333259e-05	0.000651513358641083
ENSG00000074047	GLI2	394.669592813956	-2.60506625200867	0.114798165308522	-5.27069618562761	1.35907271075524e-07	3.93964766032038e-06
ENSG00000079102	RUNX1T1	403.697997826261	-2.78133490619361	0.195938876472557	-3.98764614894096	6.67320956705356e-05	0.00131100104065539
ENSG00000079257	LXN	47.6767734025057	-7.81701127846449	0.826714491748712	-7.03630012117005	1.97411495183193e-12	9.74190476676346e-11
ENSG00000080573	COL5A3	946.369406278449	-4.9317741023919	0.408059251674333	-7.18467744662659	6.73660367098073e-13	3.51256683863306e-11
ENSG00000081277	PKP1	14.0756358011322	-7.0507646678813	1.15321767564544	-4.37971492680638	1.18834664926554e-05	0.000261672985278512
ENSG00000082458	DLG3	704.077634487222	-5.04335291448811	0.311064943985269	-9.78365763591874	1.32339649136473e-22	1.53449211351878e-20
ENSG00000082781	ITGB5	3401.66907752288	-4.17989070259057	0.187558169142907	-11.62247804269	3.16811558892078e-31	6.56631557248694e-29
ENSG00000086205	FOLH1	7.03804565288522	-7.95773202799071	1.64104526227068	-3.63044954637455	0.000282928008741588	0.00492342049283773
ENSG00000086991	NOX4	50.1731141904829	-7.67744895689685	0.771768357926485	-7.35641581905546	1.88913922447626e-13	1.04761931374718e-11
ENSG00000087253	LPCAT2	997.034221999937	-6.24809277848318	0.42277455181217	-10.04812792131	9.36291602425749e-24	1.17610992877434e-21
ENSG00000088386	SLC15A1	30.089559844896	-4.03768725392416	0.467300183302447	-4.36055308072783	1.29734104738824e-05	0.00028341517663695
ENSG00000088756	ARHGAP28	189.266942895232	-3.91226834019145	0.292206838340868	-6.54422857127229	5.98032723578108e-11	2.45445064100213e-09
ENSG00000088882	CPXM1	978.453788588648	-2.72158601700351	0.200045644152959	-3.60710686832936	0.00030963015688738	0.00534789336598922
ENSG00000089327	FXYD5	619.060528395997	-5.37879142724105	0.338357196015338	-9.98587134256745	1.75750080551658e-23	2.12708911359638e-21
ENSG00000095587	TLL2	42.465806689866	-3.99671569138323	0.457273112151798	-4.36657139534675	1.26212045606044e-05	0.000276449396062591
ENSG00000099260	PALMD	31.9560597520804	-4.04488813785401	0.541833019545263	-3.7740190503159	0.000160638486017441	0.00294314556536486
ENSG00000099284	MACROH2A2	94.4089258109663	-6.03913834722521	0.405890779224188	-9.95129368286104	2.48925927419411e-23	2.94817200181519e-21
ENSG00000099337	KCNK6	72.8253183000471	-4.32478765369846	0.5916246292605	-3.92949775705639	8.51234706491118e-05	0.0016500794246397
ENSG00000099810	MTAP	1516.96503871844	-11.7039517021025	1.19531157307839	-8.11834497436603	4.72583873097662e-16	3.3486808546292e-14
ENSG00000099864	PALM	405.155924528071	-3.2640060508165	0.345643907922871	-3.65696030464555	0.000255223886262342	0.00445929110444245
ENSG00000100285	NEFH	363.616054518966	-3.09175986292946	0.293162408899027	-3.72407863282872	0.000196029824484225	0.00350633281528903
ENSG00000100626	GALNT16	576.981383702126	-3.86848012197266	0.277135605769338	-6.74211499018935	1.56097459932852e-11	6.82916090540004e-10
ENSG00000100678	SLC8A3	29.4874953913338	-7.56379842060991	0.963743091713446	-5.77311367360153	7.78199034338254e-09	2.59102774866719e-07
ENSG00000100767	PAPLN	603.521621868145	-3.6221198590298	0.236757321432623	-6.85140315498722	7.31290990665803e-12	3.35887421502207e-10
ENSG00000101098	RIMS4	73.6001206330023	-9.19315039506662	1.05980309460143	-6.78725173733502	1.14289690345907e-11	5.08052910355358e-10
ENSG00000101144	BMP7	703.866028842645	-3.95018275215009	0.205684536761393	-9.48142618233098	2.50831055165432e-21	2.63229729474558e-19
ENSG00000101188	NTSR1	444.066818716464	-6.18027485250624	0.974231248531868	-4.29084455954966	1.77994876962357e-05	0.000380817168375851
ENSG00000101335	MYL9	1002.57926032548	-4.35008754322644	0.158703298531643	-14.8080573306917	1.29941771627072e-49	7.42953281154651e-47
ENSG00000101608	MYL12A	2502.44664767266	-3.36290640132054	0.221953588838805	-6.1405017528703	8.22612271096071e-10	3.02433127872371e-08
ENSG00000101665	SMAD7	237.485553584766	-4.74310564378268	0.241005088377934	-11.3819407807733	5.1442005892307e-30	9.80413677816485e-28
ENSG00000102349	KLF8	89.1581691516969	-4.14780136688596	0.331253001523872	-6.48386990308123	8.93993169725144e-11	3.57187969812352e-09
ENSG00000102935	ZNF423	1212.3637472177	-7.28318491376849	0.392352886315203	-13.4653907185078	2.499923066758e-41	8.4594335448805e-39
ENSG00000104059	FAM189A1	99.5651505158589	-6.0708709610868	1.16901386063179	-3.48231197095191	0.000497104190321402	0.00830058870062353
ENSG00000104081	BMF	217.309372366164	-3.85265107358944	0.412783120765642	-4.48819484225299	7.18292202962629e-06	0.000162261621489419
ENSG00000104327	CALB1	3724.22333834135	-6.17531196137985	0.330544795100449	-12.631607041675	1.41361401618179e-36	3.79663157213898e-34
ENSG00000104723	TUSC3	1859.58037853157	-2.73381379130782	0.12226077870573	-6.00203760417752	1.94856555979598e-09	6.84122916819919e-08
ENSG00000105088	OLFM2	915.36743750318	-5.36401787311447	0.467403145033012	-7.19725125699973	6.14384886126029e-13	3.21360119774628e-11
ENSG00000105223	PLD3	5545.1110783675	-3.14153329698377	0.273584072221669	-4.17251372754935	3.01257442691548e-05	0.000618977652697466
ENSG00000105880	DLX5	290.027498380003	-5.47460233854118	0.235788431109088	-14.7361018613065	3.77981691873807e-49	2.02171433321277e-46
ENSG00000106025	TSPAN12	129.659403818441	-3.27782856293016	0.299367574972585	-4.26842674276656	1.96856455022979e-05	0.000417401135643992
ENSG00000106069	CHN2	13.0502941084891	-7.55228706214779	1.23593339020273	-4.49238373698849	7.0430369569414e-06	0.000159318684560771
ENSG00000106688	SLC1A1	54.9782500486715	-5.98233069913398	0.719748196393332	-5.53294988315287	3.14889466363457e-08	9.85128724862733e-07
ENSG00000106809	OGN	438.848100066938	-10.4827125513856	0.669527714338551	-12.6696959210508	8.70511851896325e-37	2.4056595027155e-34
ENSG00000106819	ASPN	90.7838134658796	-6.36728309842969	0.455846148732916	-9.58060764705181	9.64756433675069e-22	1.03874197576405e-19
ENSG00000106829	TLE4	1344.35815177184	-3.8439543257955	0.207703805906372	-8.87780711455385	6.81913548374383e-19	6.07892932558905e-17
ENSG00000107242	PIP5K1B	28.5670756395685	-5.95752128652469	0.963949304027859	-4.1055284442742	4.03391640184756e-05	0.000811727765279544
ENSG00000107521	HPS1	570.375270036289	-5.68855645881622	0.274565651085542	-13.4341511555902	3.81416821421364e-41	1.21620621461301e-38
ENSG00000107796	ACTA2	2310.49848118697	-3.24956537749467	0.232711881112266	-5.36958135322642	7.89196302180509e-08	2.34090588308676e-06
ENSG00000108370	RGS9	104.48288236536	-3.46255226134387	0.260274653407719	-5.61926504250411	1.91771477230576e-08	6.19836815586781e-07
ENSG00000108821	COL1A1	17361.8681928811	-3.49407062884483	0.286358403956697	-5.2174848309001	1.81369071831075e-07	5.14945304799839e-06
ENSG00000109906	ZBTB16	95.5857044688682	-6.07262641757572	0.473508408835388	-8.60095901484094	7.90527141989569e-18	6.52125897578559e-16
ENSG00000111087	GLI1	115.307430345843	-6.08882007866669	0.54987158470863	-7.43595448896183	1.03815578611558e-13	5.91534745346476e-12
ENSG00000112419	PHACTR2	460.124134085728	-3.16657277695588	0.278214847726861	-4.1930644122242	2.752112571388e-05	0.000569697609815037
ENSG00000112782	CLIC5	795.922534020565	-4.55342266345221	0.305750527262417	-8.35132709766572	6.75002023875436e-17	5.15769979625742e-15
ENSG00000112796	ENPP5	51.9966625973441	-4.13219123884303	0.328990206331258	-6.48101736103398	9.11061868534911e-11	3.63132616398494e-09
ENSG00000112837	TBX18	24.9253982505217	-5.14360562510443	0.611249527981014	-5.14291705956471	2.7050506459123e-07	7.46296917801527e-06
ENSG00000113083	LOX	4623.05717595826	-5.1117185407705	0.293553563919354	-10.6001729266192	2.97429747491058e-26	4.60904919920488e-24
ENSG00000113319	RASGRF2	848.151677829452	-4.50467322672975	0.238912484059445	-10.4836431490393	1.02709301607012e-25	1.52055618745166e-23
ENSG00000113494	PRLR	46.8616495877084	-10.6738944137282	1.21969921352038	-7.11150283412338	1.1478610385962e-12	5.87428514844554e-11
ENSG00000114854	TNNC1	17.3993292837772	-4.19082129232553	0.525657273236806	-4.16777509580578	3.07587191668153e-05	0.000630420670587101
ENSG00000115718	PROC	11.343906635367	-5.29327804873028	0.868454256333283	-3.79211458141145	0.000149369962876221	0.00276726631782191
ENSG00000116194	ANGPTL1	595.294975626632	-5.37929423352395	0.16193454585045	-20.8682725219411	1.04025445285209e-96	4.31211477068513e-93
ENSG00000117069	ST6GALNAC5	372.519988643081	-6.55429677621876	0.46878147369113	-9.71518080771999	2.59787546109271e-22	2.87169153469188e-20
ENSG00000117114	ADGRL2	794.052358901472	-5.39157046098098	0.405119012654446	-8.37178793154763	5.67505077928227e-17	4.37665195215252e-15
ENSG00000117122	MFAP2	351.227942830984	-5.52673945163653	0.315580370044365	-11.1754081888577	5.38024445319946e-29	9.69672100853263e-27
ENSG00000118292	C1orf54	69.1090275734225	-3.40138885767098	0.311915286445835	-4.49285084305842	7.02760075685684e-06	0.000159186677799786
ENSG00000118473	SGIP1	19.0572271846428	-5.30815591354794	0.678194932002878	-4.87788356627516	1.07230187829685e-06	2.689839250233e-05
ENSG00000118495	PLAGL1	232.763224885251	-3.83536145468415	0.171593842131844	-10.6959633975324	1.06309069746617e-26	1.69491412064294e-24
ENSG00000118507	AKAP7	420.75796561821	-3.85185577074983	0.249554081801505	-7.42065911076858	1.16538912034613e-13	6.59498873872326e-12
ENSG00000118526	TCF21	39.4971477791621	-10.3568203076571	1.24248881944439	-6.72587163512189	1.74544390503026e-11	7.55645049329157e-10
ENSG00000118971	CCND2	443.066917569072	-7.82820584630966	0.527589795790172	-11.0468509679584	2.27039684617997e-28	3.96267895858001e-26
ENSG00000120162	MOB3B	272.892587590236	-5.43045358196179	0.506937359311165	-6.76701671114384	1.31464897484987e-11	5.81285190719619e-10
ENSG00000120756	PLS1	933.942673482005	-3.11921633712943	0.28690813764847	-3.90095710181888	9.58131298956906e-05	0.00184087775990782
ENSG00000120820	GLT8D2	138.848425673589	-3.49001162038987	0.386839360879733	-3.85175804499665	0.000117272865286826	0.00221469405389619
ENSG00000121440	PDZRN3	563.354449574405	-3.9286482503093	0.334138792880364	-5.77199741964663	7.83373161684562e-09	2.60302813504844e-07
ENSG00000121871	SLITRK3	341.95203358373	-8.01170539549544	0.388960133382115	-15.4558395052522	6.89079284590155e-54	4.76067650741224e-51
ENSG00000122584	NXPH1	39.2904432841244	-4.71673167159998	0.378455828091509	-7.17846435421543	7.04987655586968e-13	3.64155773124222e-11
ENSG00000122585	NPY	279.142268939892	-13.2833807538403	1.25331224926178	-9.00284885948121	2.19935012813701e-19	2.06030646749377e-17
ENSG00000123243	ITIH5	54.6087297560684	-3.59634684705639	0.459812295158061	-3.47173588846216	0.00051710480463261	0.00860854896145915
ENSG00000123384	LRP1	32158.1403416534	-3.21346403420699	0.329449849405411	-3.68330426132245	0.000230230083870955	0.00406543665672451
ENSG00000124212	PTGIS	250.86277956381	-3.62687726016346	0.250842950265966	-6.48564075027222	8.83554708400729e-11	3.53870063284842e-09
ENSG00000124249	KCNK15	48.8452336438993	-8.15937429584374	1.22670685451383	-5.02106454625202	5.13858867235964e-07	1.37284441075173e-05
ENSG00000124440	HIF3A	567.71259385486	-11.1032874295895	0.672461122250503	-13.5372694842548	9.42267613180864e-42	3.39646506394606e-39
ENSG00000124762	CDKN1A	1918.20246577914	-3.13456053622349	0.29216488280508	-3.88328852300989	0.000103053163254987	0.00196179621117215
ENSG00000125618	PAX8	165.274409473114	-3.21975757689275	0.2626819804697	-4.64347639952963	3.42595142959262e-06	8.01208753936182e-05
ENSG00000125965	GDF5	66.497822738273	-5.46700231457999	0.517493016726769	-6.69961178705245	2.0897395523976e-11	8.88460808161655e-10
ENSG00000126562	WNK4	136.997926248795	-5.8840981998579	0.547872841126076	-7.08941547800523	1.34679625842013e-12	6.85007017204423e-11
ENSG00000126803	HSPA2	260.21568587564	-3.64063870824784	0.41403581681824	-3.96255261406061	7.41526585850555e-05	0.00144650027293977
ENSG00000127083	OMD	257.141247123263	-7.53204495816216	0.47497862312532	-11.6469345962599	2.37861901767309e-31	5.05639511949198e-29
ENSG00000127152	BCL11B	22.3259742123178	-7.17687683304115	0.911708855997239	-5.67821273094755	1.36109378645582e-08	4.46896951945028e-07
ENSG00000127399	LRRC61	45.4486659145507	-4.83616011893625	0.509834505585698	-5.56290342819789	2.65322735028724e-08	8.41169458797566e-07
ENSG00000127951	FGL2	45.0295324783203	-3.2684197569649	0.347888641995797	-3.6460510745281	0.000266301069346544	0.00464793476930004
ENSG00000128573	FOXP2	22.4866190452311	-4.58332484215041	0.571097857066015	-4.52343641319564	6.08436043964613e-06	0.000138577995123314
ENSG00000128610	FEZF1	723.460833149767	-4.06637066353948	0.400134498303373	-5.16419022179088	2.41482029757782e-07	6.71814351579493e-06
ENSG00000128739	SNRPN	367.333758066693	-11.0512106971966	1.18596376788714	-7.63194537833291	2.31237415719989e-14	1.40444966668613e-12
ENSG00000130176	CNN1	148.194593666096	-3.29083846625872	0.294652440676123	-4.38088502948323	1.18198229546149e-05	0.000260940845541786
ENSG00000130477	UNC13A	863.409732700387	-4.37207908499338	0.348964572939302	-6.79747822254145	1.06466236033254e-11	4.75826592902259e-10
ENSG00000130707	ASS1	2867.79057069152	-6.11073667447165	0.498657364003852	-8.24360968314086	1.67091610869883e-16	1.24239730934239e-14
ENSG00000131037	EPS8L1	74.3361441699585	-3.28533452926605	0.346042383490558	-3.71438468404008	0.000203698730413723	0.00363175123547305
ENSG00000131080	EDA2R	390.626495174238	-6.61307524602692	0.511224072662651	-9.02358768435971	1.82028098180051e-19	1.72469022624196e-17
ENSG00000131196	NFATC1	230.668719634373	-3.36178122825929	0.39295993155276	-3.46544550452838	0.000529353794955868	0.0087658167098814
ENSG00000131378	RFTN1	1092.69829246263	-2.7765848570298	0.178643141524314	-4.34712942463621	1.37930836697443e-05	0.000300135328514475
ENSG00000131435	PDLIM4	1989.28827033724	-5.83772659291399	0.252588016935889	-15.1936209780216	3.89780141470873e-52	2.58517781029142e-49
ENSG00000131620	ANO1	420.945102550298	-4.41975457366236	0.498402083245059	-4.85502499890754	1.20371557209928e-06	2.9923250226354e-05
ENSG00000132205	EMILIN2	549.960453389323	-4.66040436861868	0.493467338830183	-5.39124711865521	6.99703734919796e-08	2.08290621700272e-06
ENSG00000132359	RAP1GAP2	1022.89247822634	-3.15128930584229	0.125491536660609	-9.1742386497023	4.54776687707924e-20	4.43567779934417e-18
ENSG00000132386	SERPINF1	1778.77841757582	-4.91345344493337	0.29183841250463	-9.98310475968322	1.80721593888817e-23	2.17140923787716e-21
ENSG00000132970	WASF3	533.530545372507	-3.01642440341601	0.216470975258611	-4.6954304252647	2.66045912536343e-06	6.31088308407026e-05
ENSG00000133107	TRPC4	35.9557736238589	-6.19613770838517	0.645554939457761	-6.50004740403621	8.02947060243721e-11	3.23933459997595e-09
ENSG00000133687	TMTC1	787.447798469484	-11.4135909225037	1.03689206733641	-9.07866037270927	1.09919348515301e-19	1.04745558490356e-17
ENSG00000134317	GRHL1	110.939670641476	-2.92365002634603	0.257244970388441	-3.59054649329514	0.000329985359716791	0.0056582081173362
ENSG00000134463	ECHDC3	43.3191398144132	-7.41747971932008	1.2228844617292	-4.43008304452539	9.41968073175317e-06	0.00020964795464859
ENSG00000134533	RERG	91.8719287884282	-7.3992023266521	0.526066660014982	-10.2633425324812	1.03075789015535e-24	1.40090135874311e-22
ENSG00000134569	LRP4	1231.2361151617	-3.49542303538676	0.282417105582055	-5.29508661419331	1.18960012148488e-07	3.47879358277616e-06
ENSG00000134602	STK26	22.9502337372947	-3.4103066704606	0.397529165598445	-3.54768100684514	0.000388638604543985	0.00660247612904079
ENSG00000134871	COL4A2	12064.2755081768	-2.84635617832775	0.192869977805765	-4.38822147415857	1.14281368305756e-05	0.000252653249050366
ENSG00000135269	TES	207.808351230067	-5.42305874118998	0.392332511267105	-8.72489187840852	2.66435074082482e-18	2.26551792992904e-16
ENSG00000135318	NT5E	9394.14754052991	-3.77995257864832	0.406324812901013	-4.38061502062869	1.18344801789653e-05	0.000260940845541786
ENSG00000136014	USP44	127.875749988637	-7.15251544625863	0.474203541727351	-10.8656199139506	1.6807776457715e-27	2.7322523671115e-25
ENSG00000136960	ENPP2	99.4843213843464	-9.33816791435562	0.86921767730221	-8.44226723176072	3.11240788630917e-17	2.45746834109011e-15
ENSG00000137486	ARRB1	583.67572301988	-4.29535821935785	0.439429443068815	-5.22349663993359	1.75575652425004e-07	4.99351611125042e-06
ENSG00000137558	PI15	3112.48323609914	-4.00103464410968	0.441592592102418	-4.53140446623612	5.85928333257577e-06	0.000134003830258536
ENSG00000137573	SULF1	529.556177059249	-5.44844208360804	0.332229768075943	-10.3796902474428	3.06768885260062e-25	4.34746571495477e-23
ENSG00000137726	FXYD6	918.696535853937	-3.8448940894315	0.169331644268511	-10.8951525121083	1.21562728821043e-27	2.01563160658171e-25
ENSG00000137809	ITGA11	672.358051337042	-3.35402832138473	0.294080652001558	-4.60427543318135	4.13904372457146e-06	9.61197254861616e-05
ENSG00000137831	UACA	2327.41206652357	-3.00797963191566	0.201042617627877	-5.01376098167106	5.3376285377166e-07	1.41605150054206e-05
ENSG00000137868	STRA6	1154.30621167059	-8.92408664788998	0.390857823466951	-17.7151031197805	3.20639364005565e-70	4.83320117688752e-67
ENSG00000138083	SIX3	618.89861134912	-10.2310523917419	0.474607119620118	-17.3428759314234	2.23280296241512e-67	2.64443613712894e-64
ENSG00000138162	TACC2	605.331100378355	-2.95248838060974	0.158700787856222	-6.00178734760073	1.95157191759135e-09	6.84122916819919e-08
ENSG00000138435	CHRNA1	406.009376839922	-3.13552154078769	0.296305143530846	-3.83227077078897	0.000126965884403175	0.00238147209195593
ENSG00000138650	PCDH10	256.770384494621	-4.47972728116489	0.275702134700666	-8.99422590201258	2.37902766709471e-19	2.21610436787064e-17
ENSG00000138735	PDE5A	276.31052538954	-3.03450514282294	0.192061940521171	-5.38630995821325	7.19188951701038e-08	2.1370738365869e-06
ENSG00000138759	FRAS1	121.977725105445	-3.74008854632287	0.353449939369628	-4.92315417970162	8.51603039645842e-07	2.16903686641593e-05
ENSG00000138829	FBN2	11062.5162408638	-6.76338201323234	0.320809810729825	-14.8479935897095	7.16821122844926e-50	4.40207816218212e-47
ENSG00000139155	SLCO1C1	67.342981907119	-7.77721596757937	0.940164493422357	-6.14489911924809	8.0014351856935e-10	2.96804914572671e-08
ENSG00000139219	COL2A1	53.6551690173819	-5.03611052301855	0.417866908748333	-7.26573571502189	3.71013344806891e-13	1.99086481237639e-11
ENSG00000139329	LUM	742.561810579189	-11.1969492848731	0.684087642450707	-13.4441096639687	3.33394369711483e-41	1.08392393023257e-38
ENSG00000139679	LPAR6	149.693884328555	-3.86325432321861	0.300277710031245	-6.20510367894019	5.46608545909467e-10	2.05984461357383e-08
ENSG00000139800	ZIC5	257.511819742723	-6.88107374295302	0.35205452201187	-13.8645392624397	1.03891040487816e-43	4.30654335582121e-41
ENSG00000140092	FBLN5	256.292885343744	-4.34416819125416	0.442449316213842	-5.29816208399605	1.16974110998927e-07	3.42938194488898e-06
ENSG00000140285	FGF7	18.8245530500181	-8.24837625522114	1.23930229329214	-5.04184999014459	4.61052663403977e-07	1.24102503439957e-05
ENSG00000140379	BCL2A1	27.8143942446544	-7.07922622524457	0.901108742070204	-5.63664071616438	1.73399353731342e-08	5.63751898866544e-07
ENSG00000140416	TPM1	6448.42029239598	-3.54984465082706	0.364690656670264	-4.24975146053263	2.140078401065e-05	0.000451458523766651
ENSG00000140481	CCDC33	25.0612149671983	-8.77834462332869	1.25436543549957	-5.40380373334276	6.52423310793998e-08	1.95267706069951e-06
ENSG00000140563	MCTP2	38.3957378302947	-7.3250237954732	0.76196986723843	-6.98849655928314	2.77847488712317e-12	1.33924104951713e-10
ENSG00000141431	ASXL3	64.2682477725247	-3.81595733531268	0.357598828982106	-5.07819709723814	3.8103330516285e-07	1.03913046593836e-05
ENSG00000141449	GREB1L	568.973691930343	-6.11959832192538	0.247337769928587	-16.6557591390705	2.74834611429021e-62	2.84814543256537e-59
ENSG00000141736	ERBB2	1535.98488990391	-2.79808779821964	0.19954801339224	-3.99947754253449	6.34824710849927e-05	0.00125309863459555
ENSG00000142089	IFITM3	2566.74579843223	-3.23976631678069	0.355022740481016	-3.49207578957039	0.00047928223301238	0.00801915106516476
ENSG00000142303	ADAMTS10	815.68362177742	-7.61891604878158	0.312722072743486	-17.9677628748341	3.48487056140744e-72	5.77826387786967e-69
ENSG00000142408	CACNG8	296.219449862549	-3.39667755631165	0.326973622991663	-4.27152974460959	1.94136626564495e-05	0.000412689667316141
ENSG00000143341	HMCN1	182.722325387202	-4.76256663526967	0.505017192804794	-5.4702427454534	4.49419605534688e-08	1.38252810377934e-06
ENSG00000143369	ECM1	940.677216218266	-3.38882636609039	0.21082561011531	-6.58756004704919	4.47113181269495e-11	1.85804101720038e-09
ENSG00000144115	THNSL2	35.8672271470085	-5.14189355096511	0.897428051317285	-3.50099770823221	0.000463519829810933	0.0077789699373432
ENSG00000144583	MARCHF4	48.830005563716	-5.67270949957143	0.777629527878728	-4.72295529927999	2.32441953669478e-06	5.57329203968245e-05
ENSG00000144834	TAGLN3	227.364814759044	-3.46484735834295	0.255789819316443	-5.72676176971203	1.02365758466988e-08	3.3811287672134e-07
ENSG00000144891	AGTR1	132.850281526871	-4.09535798490882	0.494379111926976	-4.23836269445445	2.25155818315802e-05	0.000471377351451302
ENSG00000145147	SLIT2	1846.7377460411	-5.63051847098467	0.201832037671394	-17.9878205307305	2.42717893500382e-72	4.47167265792204e-69
ENSG00000145358	DDIT4L	23.4325728883816	-8.57753585971746	1.23173190215591	-5.34007103997609	9.29101668157452e-08	2.74118056222753e-06
ENSG00000145506	NKD2	23.0544450918004	-9.3084255432723	1.23574232140772	-5.91419862916627	3.33495242962381e-09	1.14723747376748e-07
ENSG00000145526	CDH18	35.0751336514494	-7.60532353105877	1.37024889836374	-4.09073383511002	4.30010407655602e-05	0.000860072686289208
ENSG00000145777	TSLP	59.4829099757135	-4.44905346924268	0.62543807980382	-3.91574089958013	9.01270003234788e-05	0.00173969242417183
ENSG00000145794	MEGF10	457.802103997209	-6.05822123069033	0.674686444654135	-6.01497371533928	1.79915890606809e-09	6.38797726370772e-08
ENSG00000145934	TENM2	6300.83073653372	-3.91370549047979	0.34617480930607	-5.52814774222287	3.23629460228688e-08	1.01056498682709e-06
ENSG00000146122	DAAM2	74.8519014551685	-3.34702133416353	0.356454055894224	-3.77894797910016	0.000157492318151857	0.00289831312683234
ENSG00000147119	CHST7	756.599681397676	-5.085740607108	0.297688307472822	-10.3656762111482	3.55236881217077e-25	4.99168027750877e-23
ENSG00000147459	DOCK5	2841.83796586255	-3.5579666628929	0.233298158491845	-6.67800668879841	2.42213987127343e-11	1.0245280919792e-09
ENSG00000147883	CDKN2B	984.241190791931	-10.225057858716	1.20704462908901	-6.81421188620318	9.47819215777885e-12	4.29393180787243e-10
ENSG00000147889	CDKN2A	2903.43852982463	-8.35977580644939	1.19249598849828	-5.33316327081178	9.65164557669397e-08	2.84252105341319e-06
ENSG00000148288	GBGT1	21.8174606446515	-5.42427432540635	0.904243170007973	-3.78689542700793	0.000152541259071333	0.00281344451241576
ENSG00000148426	PROSER2	72.368604838772	-7.44628010161657	0.619121503150745	-8.79678717973796	1.40788958537459e-18	1.20954493342467e-16
ENSG00000148704	VAX1	460.188247323737	-12.0522674210126	1.10360561250756	-9.10856859288012	8.34760088314273e-20	8.00066880019593e-18
ENSG00000149131	SERPING1	122.213148428055	-5.49024923229951	0.458651930735729	-7.60979949806547	2.74521459593957e-14	1.6552146623736e-12
ENSG00000149256	TENM4	957.772128900386	-4.07738827914646	0.205357799020783	-10.1159453843592	4.69462540173379e-24	5.987814137396e-22
ENSG00000149292	TTC12	155.815452639089	-6.64074500967927	0.658398291175553	-7.04853744591794	1.80808096804454e-12	9.05733852904727e-11
ENSG00000149451	ADAM33	120.409062889932	-3.64853017276121	0.434920636414343	-3.79041607763738	0.000150395141500617	0.00278314937636355
ENSG00000149591	TAGLN	1102.88839039031	-5.75395948328107	0.18418339350643	-20.3816392553871	2.43367008292442e-92	6.72544727416165e-89
ENSG00000149948	HMGA2	1907.74856024148	-5.29769020834626	0.367187635837218	-8.98094022372856	2.68462674501298e-19	2.47298866994779e-17
ENSG00000150054	MPP7	20.7272399858276	-4.05453802648611	0.495943396429175	-4.14268652688777	3.43260985078763e-05	0.00070007507916248
ENSG00000150630	VEGFC	185.796530396012	-3.14815139690497	0.159371211571338	-7.20425844532803	5.83605810151531e-13	3.0622683348489e-11
ENSG00000151025	GPR158	657.693702118016	-4.09197204427842	0.330399615496548	-6.33164188503807	2.4256596433061e-10	9.28865185811974e-09
ENSG00000151136	BTBD11	150.831183910131	-3.38331355058637	0.329241522532994	-4.20151607836081	2.65133412921459e-05	0.000550209902334257
ENSG00000151229	SLC2A13	394.777870283772	-4.72773506212006	0.246108375779264	-11.0834710662858	1.50906436373217e-28	2.69051572204765e-26
ENSG00000151388	ADAMTS12	1762.45874913505	-4.12290136284649	0.412235017419321	-5.14973564384778	2.60853857622756e-07	7.22073090691639e-06
ENSG00000151572	ANO4	175.190926120918	-4.12591781170892	0.280153316074223	-7.58840852394437	3.23858477896723e-14	1.93859112707782e-12
ENSG00000151623	NR3C2	609.499072512897	-5.85601216080805	0.342990500682907	-11.2423293156241	2.52627215602658e-29	4.65423540211963e-27
ENSG00000151834	GABRA2	127.62590561089	-10.4857733368916	1.21235735041954	-6.99939942126391	2.57062042106371e-12	1.2536310941664e-10
ENSG00000151952	TMEM132D	183.253533663118	-5.08288719013401	0.29317787181619	-10.5154156793485	7.33566042468955e-26	1.10575077728889e-23
ENSG00000152582	SPEF2	73.8048541750244	-6.60630307845532	0.488056543755223	-9.43805208104234	3.79773591509564e-21	3.96039366089313e-19
ENSG00000152583	SPARCL1	1879.46668670784	-5.02356876818721	0.65339477608781	-4.62747618873045	3.70148773331932e-06	8.64427719805177e-05
ENSG00000152661	GJA1	2810.46299363666	-5.65844931816184	0.320657904228034	-11.409197371789	3.76184395329524e-30	7.33825112818687e-28
ENSG00000152804	HHEX	135.826675253712	-7.52850479677305	0.749525535401437	-7.37600593395667	1.63108747974488e-13	9.07552399384222e-12
ENSG00000152822	GRM1	59.0185157846426	-4.34246802736307	0.396274959048493	-5.91121889959345	3.39585388855663e-09	1.16576922000326e-07
ENSG00000153132	CLGN	292.483295000376	-3.11946399000775	0.306099571377114	-3.65718901523247	0.000254996346771194	0.00445929110444245
ENSG00000153266	FEZF2	245.615069154456	-12.1198696227322	1.19783369965904	-8.44847629985098	2.95129151957303e-17	2.34140500890145e-15
ENSG00000153993	SEMA3D	81.1271204131854	-5.59901773577089	0.349559120084365	-10.2958770891238	7.35462362783507e-25	1.01622511977611e-22
ENSG00000154556	SORBS2	2731.83629717478	-4.53910666288717	0.533273083422511	-4.76136287732985	1.92289932157077e-06	4.64098888660335e-05
ENSG00000154654	NCAM2	52.3240460225265	-6.07228931841339	0.775389612655023	-5.25192658239178	1.50516461305558e-07	4.32532659429369e-06
ENSG00000155511	GRIA1	2460.0906637989	-3.33601799178997	0.36479295746052	-3.66240072475785	0.000249862595500261	0.00437483811614554
ENSG00000155962	CLIC2	118.182911246139	-3.62655319896646	0.291437012945645	-5.58114833296697	2.38935756418061e-08	7.63351402151804e-07
ENSG00000155974	GRIP1	64.6302766378203	-4.28061824906672	0.567422230988328	-4.01926136220354	5.83808799914285e-05	0.00115514722092825
ENSG00000156049	GNA14	105.989109551964	-4.27301923200775	0.534164254281809	-4.25528143036051	2.08786233741153e-05	0.000441004400211727
ENSG00000156140	ADAMTS3	474.367328420478	-5.28507068266408	0.413002091499366	-7.95412602085847	1.80400429404045e-15	1.20129297989898e-13
ENSG00000156675	RAB11FIP1	1129.96102628131	-5.88711658381869	0.270705008816713	-14.3592340637131	9.32520396806815e-47	4.29503352762605e-44
ENSG00000156687	UNC5D	153.293292102625	-8.73820718890021	1.2493808312212	-5.39323721039803	6.91995016962989e-08	2.06642503072893e-06
ENSG00000156689	GLYATL2	58.8295327592584	-6.61351882560939	0.615478825943296	-7.49582054027384	6.58848839938738e-14	3.81971070455392e-12
ENSG00000157240	FZD1	1559.23229193867	-2.74639148483301	0.207465391890755	-3.59766743759381	0.000321083795559547	0.00551698488515321
ENSG00000157613	CREB3L1	615.572841659997	-4.67222299575317	0.404172821492616	-6.61158507859239	3.80226488441864e-11	1.58804418258301e-09
ENSG00000158055	GRHL3	1043.77642623821	-8.10648739341838	0.668976233797794	-9.12810812239428	6.97067419192162e-20	6.71981097536351e-18
ENSG00000159217	IGF2BP1	300.647133940228	-9.48912624623356	0.560503199832955	-13.3614335269906	1.01588681957587e-40	3.11933691766436e-38
ENSG00000160097	FNDC5	269.793738503692	-4.93824039892745	0.361403254403095	-8.1300883794761	4.28977555578814e-16	3.05273684508683e-14
ENSG00000160111	CPAMD8	19.1299721974743	-6.68662648994266	0.902110200926588	-5.19518179168007	2.04519884600181e-07	5.75746045255621e-06
ENSG00000160201	U2AF1	12.3306172367211	-6.56894602585126	1.2381813829162	-3.69004581145481	0.000224213670795192	0.003971887687452
ENSG00000160233	LRRC3	101.808631736933	-8.71459747446543	1.19694520127621	-5.60977851559634	2.02585718661886e-08	6.52247340025772e-07
ENSG00000161381	PLXDC1	1623.94439250809	-11.2923371147838	0.564807908804872	-16.4522078567318	8.0865889643858e-61	7.88727833049888e-58
ENSG00000162618	ADGRL4	716.670975728497	-9.11552375849983	0.8810922898062	-8.07579846154927	6.70365238731037e-16	4.72992596740397e-14
ENSG00000162624	LHX8	4.72808877836707	-7.3490873614498	1.54138541959148	-3.4703113792704	0.000519855323724587	0.00864565809696828
ENSG00000162687	KCNT2	187.889491709583	-4.73605224963017	0.397096952820377	-6.89013660315797	5.57388377812252e-12	2.58881139846077e-10
ENSG00000163017	ACTG2	1207.47411629471	-5.17431368839569	0.659718967408649	-4.8116150136842	1.49715537058196e-06	3.67223863899697e-05
ENSG00000163071	SPATA18	20.044391395918	-3.9400430892793	0.562639803448482	-3.44810850101355	0.000564527211056924	0.00927693328695229
ENSG00000163162	RNF149	796.435691300019	-4.90000781737994	0.277465362061862	-10.4517832273903	1.43795718048967e-25	2.07837127220705e-23
ENSG00000163623	NKX6-1	277.597008898759	-3.76267618605306	0.216268238333742	-8.15041635162775	3.62673434684262e-16	2.59202078469816e-14
ENSG00000163814	CDCP1	1473.05747698159	-3.20068407689048	0.231062174763276	-5.19636793915138	2.03219847062082e-07	5.73059231995982e-06
ENSG00000164100	NDST3	94.5376908074823	-9.26473553057634	0.872056186386234	-8.33058195559751	8.04459221353132e-17	6.1186873161726e-15
ENSG00000164199	ADGRV1	2143.49949073829	-3.6121690520142	0.3059153877899	-5.26998351949991	1.36436008389639e-07	3.94807234748447e-06
ENSG00000164220	F2RL2	132.691222074886	-3.1296184627278	0.312557136651314	-3.61411828515692	0.000301371460216081	0.00522702947891511
ENSG00000164294	GPX8	1346.42476580856	-2.77714937341413	0.156868266809213	-4.95415286483224	7.2646080431171e-07	1.87331984390241e-05
ENSG00000164308	ERAP2	693.535559968544	-3.34969250256872	0.220838648245562	-6.1116680132362	9.85951260243471e-10	3.59297974639494e-08
ENSG00000164330	EBF1	181.078816963093	-3.16234915628144	0.308205716404264	-3.77134197847527	0.000162371968440444	0.00297162208466998
ENSG00000164588	HCN1	79.5397318358237	-10.1287745264133	1.19544362960481	-6.79979743511662	1.0476635329858e-11	4.69494838930747e-10
ENSG00000164659	ELAPOR2	169.635092502551	-3.74427996555456	0.270939541101247	-6.43789370301892	1.21142786603014e-10	4.77118419160233e-09
ENSG00000164690	SHH	168.928497569119	-5.88327566679205	0.501692588441925	-7.74034888347084	9.91443784988248e-15	6.15697730295511e-13
ENSG00000164692	COL1A2	28229.9521291075	-3.23572144618505	0.218644363505295	-5.65174160620483	1.58830233753284e-08	5.17399627870963e-07
ENSG00000164850	GPER1	93.8946326877323	-3.50825178150726	0.230607422954463	-6.54034359425235	6.13776566126432e-11	2.51284672665244e-09
ENSG00000164946	FREM1	19.9562558741841	-5.05652270155656	0.829611021208263	-3.68428410835837	0.00022934631894646	0.00405414852286914
ENSG00000165152	PGAP4	508.774773062741	-4.66400645441344	0.233364097731862	-11.4156653928592	3.49221092310465e-30	6.89337491857121e-28
ENSG00000165300	SLITRK5	544.189775650253	-12.6692458227638	1.18502043384963	-9.003427719895	2.18778050361067e-19	2.06030646749377e-17
ENSG00000165325	DEUP1	5.02910152182385	-7.39701937491487	1.56292382814913	-3.45315573140005	0.00055406903409223	0.00913222530246846
ENSG00000165379	LRFN5	33.8355605553799	-9.12886641693422	1.35800440563042	-5.24951641347941	1.52499012197938e-07	4.36716083118136e-06
ENSG00000166002	SMCO4	102.182378975239	-5.01671701357906	0.383248006465579	-7.87144867732012	3.50557952026924e-15	2.27945153041507e-13
ENSG00000166033	HTRA1	3767.43121988245	-3.32262944125472	0.243834207035642	-5.42429816281433	5.81826921137912e-08	1.75908700323121e-06
ENSG00000166073	GPR176	1005.96016648977	-2.51645388611984	0.0934540313873504	-5.52628793485892	3.27077179578183e-08	1.01941103657629e-06
ENSG00000166342	NETO1	112.91383945432	-4.70977635135375	0.269920159289044	-10.0391773570791	1.02525602577953e-23	1.27817820777822e-21
ENSG00000166482	MFAP4	979.63551988884	-4.10429541279075	0.28512649877243	-7.38021692775131	1.58031833058065e-13	8.82264587183763e-12
ENSG00000166670	MMP10	19.4564908172627	-7.98290947437867	1.34563631818417	-4.4461563600276	8.7420329283535e-06	0.000195616259089108
ENSG00000166825	ANPEP	1468.50098678717	-7.43123506693866	0.40382373467316	-13.4495191852319	3.09880672327137e-41	1.02762628557125e-38
ENSG00000166888	STAT6	1102.8539872845	-7.83371706750038	0.263233523821116	-22.161755777979	8.03558905671595e-109	8.73029803659475e-105
ENSG00000166923	GREM1	108.496508712898	-8.6015314912191	1.09862648069361	-6.00889529537944	1.8679170457175e-09	6.6038235682392e-08
ENSG00000167178	ISLR2	110.930487998471	-7.0093097751679	0.501409267456469	-9.99046108696583	1.67799383937595e-23	2.04579528313916e-21
ENSG00000167244	IGF2	5.81370961077642	-7.26490556961579	1.48652262734605	-3.54175945442247	0.00039746775425489	0.00673866342873245
ENSG00000167614	TTYH1	1180.39394651748	-4.43322792655952	0.403871434652984	-6.02475866769386	1.69362140917425e-09	6.02947146541676e-08
ENSG00000167617	CDC42EP5	76.5480499213774	-6.44033917416624	0.502498586937239	-8.83652071785989	9.87456784031106e-19	8.70905368937222e-17
ENSG00000167642	SPINT2	18.6860294740583	-5.95944934085887	0.958847587820921	-4.12938342980778	3.6373736421719e-05	0.000740015857188372
ENSG00000167693	NXN	795.007045095123	-3.93493224514876	0.134186533771531	-14.4197200029268	3.8891707907715e-47	1.84246688233663e-44
ENSG00000168081	PNOC	97.4951846028151	-11.7634269486737	1.21661377374452	-8.02508335790383	1.01457026935158e-15	7.0060320417112e-14
ENSG00000168243	GNG4	934.220403541475	-5.42222867200722	0.325971949603642	-10.498537301042	8.77289365279321e-26	1.31048062754022e-23
ENSG00000168356	SCN11A	39.9392620215887	-4.35659080040154	0.383738027716637	-6.14114481805205	8.19288464747897e-10	3.01880489644108e-08
ENSG00000168497	CAVIN2	1254.82785313524	-8.02464200778383	0.500592669364955	-12.0350184420931	2.32582047019311e-33	5.50920417375313e-31
ENSG00000168505	GBX2	95.7843047478016	-3.54258220924775	0.388021985163633	-3.97550208037112	7.0230929936122e-05	0.00137647641757782
ENSG00000168542	COL3A1	28674.1761080366	-6.81308604984272	0.419781967839956	-11.4656808023677	1.96210474313669e-30	3.96751935926213e-28
ENSG00000168843	FSTL5	135.062761227496	-4.31301216722679	0.339766671352898	-6.80764878443414	9.92066917712861e-12	4.46996238114048e-10
ENSG00000168918	INPP5D	37.3001898480717	-5.92756431898489	0.922499955859768	-4.25752250071862	2.06704861629298e-05	0.000437164963096352
ENSG00000169126	ARMC4	25.5718119048103	-9.24692873635224	1.34083138580567	-5.40480243307979	6.48798658177152e-08	1.94534006351453e-06
ENSG00000169174	PCSK9	211.326193532534	-5.70368131072848	0.855985896369997	-4.32680179245334	1.51289985137476e-05	0.000326632714005792
ENSG00000169213	RAB3B	418.856881897551	-4.60781172127994	0.335007737367009	-7.78433280907484	7.00820525019294e-15	4.43523096387211e-13
ENSG00000169306	IL1RAPL1	92.3800364058949	-4.30667230879512	0.459498821977954	-5.01997436873907	5.16783746291642e-07	1.37761917962407e-05
ENSG00000169515	CCDC8	293.478065967106	-10.2248700855977	0.847005770300262	-9.71052426559269	2.71934772572249e-22	2.98605990994732e-20
ENSG00000169594	BNC1	14.806386123584	-9.00197516387785	1.30626457904667	-5.36030393550744	8.30820529623143e-08	2.45558559744765e-06
ENSG00000169851	PCDH7	656.811851841869	-3.92809342782078	0.426134514329945	-4.52461221277163	6.05063438273076e-06	0.000137999406740108
ENSG00000170017	ALCAM	7154.46976320026	-2.77058717156406	0.159788100830591	-4.82255667073136	1.41729743815372e-06	3.49705488423017e-05
ENSG00000170485	NPAS2	1279.22248771067	-3.24245216213466	0.214152490295947	-5.80171708681816	6.56392441467266e-09	2.20491203417139e-07
ENSG00000170561	IRX2	479.830263660953	-2.70920923961484	0.182307904954107	-3.89017272615452	0.000100172894245656	0.00191721299861156
ENSG00000170571	EMB	124.23232419738	-10.4117458446862	1.19602797048407	-7.03306783141681	2.02041080234544e-12	9.94078086459634e-11
ENSG00000170624	SGCD	68.1119393534412	-10.1303039730583	1.22188694287195	-6.65389217921314	2.85441818031267e-11	1.20124639207524e-09
ENSG00000170775	GPR37	32.106694484019	-5.23434731747869	0.592705915190664	-5.4569175616178	4.8447114218754e-08	1.47665735452419e-06
ENSG00000170801	HTRA3	245.967374623961	-7.32389862277964	0.52050050997026	-10.2284215304301	1.47910484921049e-24	1.97782560522251e-22
ENSG00000171189	GRIK1	201.593779787607	-8.20729490616771	0.460780254552484	-13.4712693194641	2.30862758611916e-41	7.97486541780036e-39
ENSG00000171798	KNDC1	15.2404444902561	-5.54057074724159	0.860154251316954	-4.11620443870473	3.85162693939215e-05	0.000779300824674964
ENSG00000171914	TLN2	1769.74095025291	-2.57199379682605	0.15253566585344	-3.74990198931991	0.000176903699389807	0.00321274944094457
ENSG00000172164	SNTB1	102.646585870647	-4.33125357753932	0.517133206871206	-4.50803303010461	6.54313917331454e-06	0.000148822758069586
ENSG00000172247	C1QTNF4	47.1911298155789	-6.81584514861645	0.804413741984569	-5.98677632823039	2.14040804766015e-09	7.47160122910589e-08
ENSG00000172260	NEGR1	141.360594356266	-6.55943605855003	0.531931781284205	-8.57146765613912	1.02174415572918e-17	8.38690091393343e-16
ENSG00000172346	CSDC2	252.187924150071	-4.95909862642087	0.243433942473226	-12.1556533832431	5.35320786994689e-34	1.38689905768108e-31
ENSG00000172572	PDE3A	280.968982293497	-4.74443964142731	0.259533757192788	-10.5744997148432	3.91260049423574e-26	6.00692859212248e-24
ENSG00000172671	ZFAND4	98.7654832936048	-4.16033326682421	0.363869904157396	-5.93710345961928	2.90101613634536e-09	1.0021197615988e-07
ENSG00000172935	MRGPRF	469.011602325417	-3.93565700928331	0.321895054303081	-6.01331702182907	1.81765075439032e-09	6.43984340994571e-08
ENSG00000173546	CSPG4	1322.57976461996	-3.04909582773365	0.203240915876646	-5.16183379320325	2.4454236910956e-07	6.79188780938964e-06
ENSG00000173930	SLCO4C1	27.9240024654436	-7.77253068214196	1.35933249204138	-4.24659214426123	2.17046540469872e-05	0.000456706686234891
ENSG00000174136	RGMB	4631.67448897332	-4.55534310824039	0.239534868239369	-10.6679379374815	1.43781778386024e-26	2.27051968325587e-24
ENSG00000174469	CNTNAP2	176.946862623206	-9.47111516097241	0.781166329515018	-9.56405169896507	1.13234771866611e-21	1.21131984020663e-19
ENSG00000174599	TRAM1L1	34.2858937806614	-3.44276678195017	0.366398786033963	-3.93769531162266	8.22679634238959e-05	0.00159916190097493
ENSG00000174640	SLCO2A1	862.541836247916	-4.07857112271833	0.232814795289824	-8.92800270760617	4.33769032791827e-19	3.90887191995722e-17
ENSG00000174807	CD248	429.737804930835	-3.37644367241691	0.211075022904894	-6.52111108871987	6.97884713596996e-11	2.8361829500372e-09
ENSG00000175265	GOLGA8A	339.874383296545	-6.04887427399653	0.329036166243575	-12.3052560459244	8.48668699050901e-35	2.23361519031159e-32
ENSG00000176595	KBTBD11	137.905794297733	-3.6176738074416	0.472042579856049	-3.42696586383142	0.000610365794039508	0.009970911557605
ENSG00000176788	BASP1	144.55378734996	-7.00677561793656	0.512505221042249	-9.76921875596623	1.52624405804616e-22	1.75740643933773e-20
ENSG00000177191	B3GNT8	7.55304482835001	-7.20209996265231	1.28438516957963	-4.05026473822875	5.11597212508235e-05	0.00101590339887414
ENSG00000177459	ERICH5	62.3761360566112	-4.96057305449216	0.484524895247824	-6.11025993406983	9.94689979365336e-10	3.61687599733698e-08
ENSG00000178235	SLITRK1	66.4464560303032	-7.56733571470522	1.54705211125731	-3.59867368021661	0.000319844216364469	0.0055013868791901
ENSG00000178568	ERBB4	338.648494351271	-5.63622724537279	0.250222040327061	-14.5320022193886	7.59670853150195e-48	3.70473600473041e-45
ENSG00000179241	LDLRAD3	1177.69327198927	-2.84540050600598	0.151656725650465	-5.57443464758986	2.48335006726034e-08	7.90334500292586e-07
ENSG00000179314	WSCD1	420.059537847808	-4.41991417189422	0.359066736626066	-6.73945516266057	1.58981644560507e-11	6.91883109831435e-10
ENSG00000179431	FJX1	800.077934301081	-3.32328922674732	0.218248763029936	-6.06321524290064	1.33426909664012e-09	4.8094599763891e-08
ENSG00000179776	CDH5	347.162857443234	-4.41803350745383	0.39363910409673	-6.14276753068628	8.10959285646994e-10	3.00145444538232e-08
ENSG00000179954	SSC5D	669.804381586067	-4.61980257871524	0.239571440906348	-10.9353709641015	7.80859607341689e-28	1.30782153023561e-25
ENSG00000180340	FZD2	481.720084756711	-2.80163165939002	0.214305751626394	-3.74059796951943	0.000183582969730648	0.00331589239771664
ENSG00000180730	SHISA2	14.8846616841786	-6.65269501079681	1.24929612947276	-3.72425312224442	0.000195894304070237	0.00350633281528903
ENSG00000180815	MAP3K15	49.7930508430374	-4.63522297851238	0.448906518612932	-5.87031568767347	4.34966100957074e-09	1.48398619752454e-07
ENSG00000180921	FAM83H	30.4222963077342	-4.86868292255066	0.568554509821023	-5.04557236465102	4.52165713771987e-07	1.21908287805745e-05
ENSG00000181085	MAPK15	42.5474234206638	-4.9418049702322	0.822117937466777	-3.57832475872852	0.000345803607161723	0.00591720290025648
ENSG00000181541	MAB21L2	9.38776197868488	-8.03880362706022	1.30997496268027	-4.60986186690509	4.02936604914643e-06	9.38355596360912e-05
ENSG00000181744	DIPK2A	866.40781156257	-3.31155693762708	0.249191385400562	-5.26325151858208	1.41529746990329e-07	4.08122562582027e-06
ENSG00000181826	RELL1	507.162639726467	-3.03731980308213	0.205038962094714	-5.05913506625616	4.21162476100315e-07	1.14106127716002e-05
ENSG00000182118	FAM89A	167.064221763308	-5.31545501813643	0.451664175770942	-7.34053129734566	2.12747615094854e-13	1.17194957006238e-11
ENSG00000182175	RGMA	2754.60215678415	-3.24807719388524	0.208755725558581	-5.97864892349986	2.24995866609048e-09	7.80472063649501e-08
ENSG00000182256	GABRG3	91.2142642043341	-3.86941305480099	0.395825741131069	-4.72281830246601	2.32598642510117e-06	5.57329203968245e-05
ENSG00000182511	FES	43.2710946491927	-4.18352207803009	0.511296117799647	-4.27056259966696	1.94980481297277e-05	0.000413952799025627
ENSG00000182636	NDN	475.693962189673	-13.2107823406698	1.24716998917063	-8.98897699432698	2.49542257286193e-19	2.31154199333093e-17
ENSG00000183160	TMEM119	132.819327222724	-3.85527049610172	0.37594262977066	-4.93498302449369	8.01577313469558e-07	2.05424318927956e-05
ENSG00000183798	EMILIN3	104.449025592757	-7.60120547027203	0.665191693726575	-8.42043808288201	3.75079109285485e-17	2.90616201451525e-15
ENSG00000184005	ST6GALNAC3	64.7738369304428	-8.17128802282421	0.959677681869011	-6.43058407986042	1.2711454299733e-10	4.98270978117901e-09
ENSG00000184349	EFNA5	365.388962308186	-8.26978526863947	0.367376347417793	-17.0663825058646	2.64063342210504e-65	2.91895618479491e-62
ENSG00000184408	KCND2	69.1693408645313	-9.3750673781109	1.1104561121621	-6.64147578399238	3.10557781573578e-11	1.30363508260038e-09
ENSG00000184564	SLITRK6	58.155885753073	-8.66686920529788	1.32781023661569	-5.02095029956262	5.14164633663123e-07	1.37284441075173e-05
ENSG00000184838	PRR16	131.0926670395	-4.75492140635593	0.419601694872456	-6.56556310429902	5.18365947178178e-11	2.14339794767116e-09
ENSG00000184995	IFNE	32.9988167091771	-6.87520745260434	1.30178356195004	-3.74502151901611	0.00018037831431804	0.00326869161716658
ENSG00000185070	FLRT2	799.535245147938	-9.96766881328012	0.580004970007804	-13.7372423087563	6.07458276979897e-43	2.34238736990783e-40
ENSG00000185187	SIGIRR	117.342877678478	-4.09718533792488	0.362761079831921	-5.78117514397237	7.4180611384587e-09	2.47482639309424e-07
ENSG00000185201	IFITM2	694.985364034804	-4.70292124358875	0.688841559575135	-3.92386493819546	8.71396005599715e-05	0.00168595299519824
ENSG00000185274	GALNT17	612.46197226805	-14.2781345257116	1.20213126864614	-10.2136387647078	1.72280198557221e-24	2.28526237782182e-22
ENSG00000185339	TCN2	2292.66297872408	-3.30510613005232	0.186906762249262	-6.98265870290883	2.89645474184366e-12	1.3840379272193e-10
ENSG00000185532	PRKG1	168.825659311816	-5.61360071398503	0.251962479666453	-14.3418207296924	1.19868868002278e-46	5.37174513606967e-44
ENSG00000185567	AHNAK2	8516.40503827309	-3.09631960612467	0.229998309191712	-4.76664202435875	1.87321699537833e-06	4.52766924203616e-05
ENSG00000185885	IFITM1	934.318002967052	-6.97623296036779	0.984174305105593	-5.05625165639118	4.27577034945687e-07	1.15655054101704e-05
ENSG00000186867	QRFPR	180.748678617284	-4.17717072243257	0.628285377192443	-3.46525767026678	0.000529723680314888	0.0087658167098814
ENSG00000187498	COL4A1	5787.26053926535	-3.4750557699337	0.187749689074213	-7.85650179878937	3.95010196382255e-15	2.55846252586491e-13
ENSG00000187566	NHLRC1	18.6962348107915	-7.50633171637297	1.29291190846479	-4.25886070065765	2.05471457630846e-05	0.000435111397059649
ENSG00000187688	TRPV2	170.386395638134	-3.02767520992027	0.294159606473003	-3.49359731012078	0.000476559267300345	0.00798164566778487
ENSG00000187720	THSD4	1362.63959945759	-4.43963432414821	0.183390010573941	-13.3029837149422	2.22412404071881e-40	6.70512740348338e-38
ENSG00000188153	COL4A5	4206.17729051015	-3.4588320984863	0.274669652886667	-5.31122416748469	1.08891287946814e-07	3.20128802384064e-06
ENSG00000188517	COL25A1	307.001072382568	-7.74412271083414	0.574316551168723	-10.0016666751898	1.49853438181828e-23	1.8542685511141e-21
ENSG00000188763	FZD9	90.1241581969677	-4.43492863058018	0.680957170688699	-3.57574416628518	0.000349233052118913	0.00596972498678731
ENSG00000189292	ALKAL2	31.9468543331182	-6.42230860396479	0.694316740091244	-6.36929566667748	1.89898223798363e-10	7.35678142243143e-09
ENSG00000189409	MMP23B	8.4746575922848	-5.61968730550653	1.02298364024354	-3.53836284678491	0.00040261638175701	0.00681202267950304
ENSG00000196104	SPOCK3	24.3440307508293	-8.79336432381573	1.31148634550968	-5.17989710459064	2.22008325270588e-07	6.20762232936191e-06
ENSG00000196159	FAT4	1091.74893199658	-5.31695179553786	0.239998429213417	-13.8207229372667	1.91140546051299e-43	7.73000340018682e-41
ENSG00000196549	MME	89.626662169562	-6.96077521982731	0.764344561288552	-6.49023420990175	8.5703036834808e-11	3.44077979118148e-09
ENSG00000196569	LAMA2	1287.33808493746	-5.66195727735456	0.209332327579062	-17.4935105327747	1.60555284776068e-68	2.21847264739332e-65
ENSG00000196611	MMP1	35.0898952270407	-5.82705993930347	0.722356295907483	-5.29802254231841	1.17063517327493e-07	3.42938194488898e-06
ENSG00000196666	FAM180B	14.8571954761604	-8.00775536272582	1.32471958120175	-4.53511478804877	5.75721652136132e-06	0.000131851391078304
ENSG00000196839	ADA	842.147051804705	-4.78931834406736	0.331032055699526	-8.42612760922221	3.57292524118447e-17	2.78134617014459e-15
ENSG00000196872	CRACDL	20.5746029706117	-6.37242884956084	0.91264816493045	-4.79092493424786	1.66014232322825e-06	4.04211745395707e-05
ENSG00000197461	PDGFA	371.095182041779	-3.01922646169776	0.268066108787912	-3.80214591955057	0.000143448194463089	0.00266053077448823
ENSG00000197614	MFAP5	4289.83563681964	-6.82361592875472	0.690480551175035	-6.98588239820233	2.83071121606803e-12	1.36046442532243e-10
ENSG00000197769	MAP1LC3C	442.637715503657	-9.72401198834367	0.915725908702901	-8.43485142763353	3.31623817656654e-17	2.60599740311136e-15
ENSG00000198108	CHSY3	168.558481831833	-6.75011129582912	0.415548836769953	-11.4309339252435	2.92941031829363e-30	5.85211475754537e-28
ENSG00000198121	LPAR1	663.9291856218	-4.58916841058717	0.159755434134286	-16.2070756755028	4.49451940574719e-59	4.14020145926078e-56
ENSG00000198300	PEG3	212.577365470243	-9.95240082611413	0.845337147501293	-9.4073717801476	5.08697416527179e-21	5.23895146797339e-19
ENSG00000198642	KLHL9	1159.53285675055	-13.6322449562554	1.18741914393688	-9.7962417194057	1.16852713991364e-22	1.36446116245832e-20
ENSG00000198682	PAPSS2	305.947212289564	-5.19759677079443	0.311224196612852	-10.2742550405619	9.20528399120954e-25	1.26142821370451e-22
ENSG00000198732	SMOC1	2089.23465954015	-6.34557361248493	0.575447942410421	-7.55163637267049	4.2982315525415e-14	2.56363227959319e-12
ENSG00000198795	ZNF521	857.404736719401	-4.34275801822533	0.371988933129129	-6.29792396918456	3.01658399991338e-10	1.14983860465664e-08
ENSG00000198865	CCDC152	32.4259799622135	-5.14361944939712	0.526587440065052	-5.9697957266295	2.37550817869538e-09	8.22302737180546e-08
ENSG00000198879	SFMBT2	872.871116590936	-3.97186019334467	0.284790080422439	-6.92390756875993	4.39352639173548e-12	2.05208622820749e-10
ENSG00000198963	RORB	513.637243548718	-5.25440819682608	0.478136895489046	-6.80643603856887	1.00046179229886e-11	4.49557099677707e-10
ENSG00000204131	NHSL2	310.872579844658	-6.60263885395168	0.289320672701779	-15.9084340948422	5.53814055376189e-57	4.59139542609629e-54
ENSG00000204172	AGAP9	36.4678246519489	-3.44694156712717	0.418224341044338	-3.4597258579308	0.000540725589490242	0.00892116517347035
ENSG00000204442	FAM155A	238.457547499878	-5.85196137354503	0.263119850955318	-14.6395696089048	1.57059270086985e-48	8.13812424160092e-46
ENSG00000204542	C6orf15	1260.43910385461	-5.12667394044888	0.575436365964507	-5.43357028749507	5.52375109180387e-08	1.67439336111883e-06
ENSG00000204764	RANBP17	87.7816977806173	-10.1332935068035	1.19789405120611	-6.78966015284444	1.12397996806739e-11	5.00986877702294e-10
ENSG00000205978	NYNRIN	519.745175758206	-5.91210847171299	0.402659930682773	-9.71566369933905	2.58559015678029e-22	2.87169153469188e-20
ENSG00000206052	DOK6	110.529147526457	-8.14301172157414	0.710497566171785	-8.64607004169368	5.33034039776144e-18	4.41911870676412e-16
ENSG00000206190	ATP10A	269.683236408001	-5.50313909532312	0.366928535787067	-9.5471972159615	1.33252464162961e-21	1.41631994120901e-19
ENSG00000206538	VGLL3	99.649965448304	-4.17732904136775	0.490050986246354	-4.44306633896495	8.86858065843759e-06	0.000198136713061952
ENSG00000213185	FAM24B	30.9689971631507	-7.98355730203004	1.24938240692583	-4.78921206898767	1.67437458469455e-06	4.0648323556106e-05
ENSG00000213626	LBH	1404.40027407512	-3.65870602678417	0.319957323489051	-5.18414771287751	2.17004900436114e-07	6.07797002387029e-06
ENSG00000214265	AC124312.1	54.1442088557922	-8.53196776511068	1.19671159651384	-5.4582639494253	4.80812531969842e-08	1.46820489734658e-06
ENSG00000217236	SP9	288.198488908261	-4.61533487440754	0.277508727873101	-9.42433376583196	4.32844656710832e-21	4.48562328307644e-19
ENSG00000218336	TENM3	4936.14975421478	-4.30408720955801	0.290554474736262	-7.92996635708138	2.1920526186327e-15	1.43661756796636e-13
ENSG00000224982	TMEM233	207.028050930424	-6.38992369178573	0.956422787583841	-4.5899405041109	4.4337236872653e-06	0.000102675380528695
ENSG00000225968	ELFN1	333.248291395861	-3.35280591578501	0.242193572082687	-5.58563922300609	2.32842165657693e-08	7.46761305371414e-07
ENSG00000235169	SMIM1	16.7919026555639	-5.51289142723306	0.919224674517522	-3.82158086550155	0.000132598918160547	0.00247592642119374
ENSG00000235863	B3GALT4	44.1268462871078	-4.6947913880259	0.557343165616473	-4.83506671342281	1.33100989126019e-06	3.29395149357989e-05
ENSG00000237651	C2orf74	81.650312626411	-3.40899743646937	0.289323105485393	-4.86997896039279	1.11610132037139e-06	2.78705963751175e-05
ENSG00000242732	RTL5	371.021973206344	-3.51015548224896	0.201082154839465	-7.51014173015302	5.90633829798935e-14	3.44834490559723e-12
ENSG00000244694	PTCHD4	102.860210370254	-7.6794037681077	0.70745148238174	-8.02797634826793	9.90935778684428e-16	6.87477244617845e-14
ENSG00000246705	H2AJ	132.597161169947	-3.96601563570048	0.265385290635976	-7.40815600966079	1.28067596918783e-13	7.20946298299376e-12
ENSG00000248746	ACTN3	6.91659452658541	-7.50026413795327	1.3776147294433	-3.99259968726957	6.53528443013972e-05	0.00128542765286058
ENSG00000254122	PCDHGB7	258.514247186056	-5.29922793553885	0.281449619052008	-11.7222682576422	9.80120405830936e-32	2.16685019321103e-29
ENSG00000254535	PABPC4L	45.7247181046556	-8.09546092626193	1.20329662182602	-5.06563453740276	4.07042176873898e-07	1.10642071061412e-05
ENSG00000254585	MAGEL2	65.3660687046632	-11.1876866967564	1.20965004979869	-7.59532618403597	3.07018084035547e-14	1.84444451137442e-12
ENSG00000260230	FRRS1L	140.796847063095	-4.00095643141633	0.389188507762642	-5.14135538821376	2.72763553453589e-07	7.51277820567104e-06
ENSG00000266265	KLF14	9.10168527646894	-6.90300286916479	1.33362926501897	-3.6764361714086	0.000236514998166975	0.00416311590722571
ENSG00000272636	DOC2B	41.3521475777534	-8.5172167868525	1.17429069331681	-5.54991777073911	2.85803994286603e-08	8.99225052991682e-07
ENSG00000273173	SNURF	8.33773965933677	-6.34967240721807	1.268445715439	-3.42913563763561	0.000605506841027826	0.00990129085905561
ENSG00000276547	PCDHGB5	123.353938902659	-6.91158298822452	0.479184950724973	-10.2498690344796	1.1850399436889e-24	1.59749165091916e-22
ENSG00000286169	NA	429.190980741529	-3.21055201851413	0.208746372970119	-5.7991523459304	6.66509615147566e-09	2.23260523813369e-07
