EnsembleGeneName	external_gene_name	baseMean	log2FoldChange	lfcSE	stat	pvalue	padj
ENSG00000003096	KLHL13	658.101124514434	6.44254267807295	0.281687860729199	15.7711541653681	4.91434564718064e-56	1.77140793860657e-53
ENSG00000005471	ABCB4	211.938365473116	4.85403662101915	0.394602842073691	7.23268136139315	4.73549599869871e-13	1.83456212977625e-11
ENSG00000005884	ITGA3	14372.5525056846	3.02617135568533	0.195110108046203	5.25944742669269	1.44488930701846e-07	3.17320656949313e-06
ENSG00000006453	BAIAP2L1	314.462881201394	4.08013790876439	0.366302357705961	5.67874561821457	1.35686091112569e-08	3.32812289458211e-07
ENSG00000006606	CCL26	72.1079955845028	6.47208173739782	0.792585062170287	5.64239972571802	1.67696206244161e-08	4.04152731938144e-07
ENSG00000007174	DNAH9	722.926186639913	7.16969630734929	0.94165678440469	5.49000059572399	4.01932386921931e-08	9.36016981397829e-07
ENSG00000007350	TKTL1	12.0187311650875	8.06832036721969	1.34943444939623	4.496936008959	6.89397253997595e-06	0.000124791439612818
ENSG00000008323	PLEKHG6	41.1104369156585	4.61122678543397	0.550393070293537	4.74429444404404	2.09234321655417e-06	3.99690586102358e-05
ENSG00000008513	ST3GAL1	696.959718224235	2.95188086903326	0.188931392070732	5.03823561876311	4.69842839113538e-07	9.76248636007716e-06
ENSG00000010278	CD9	2384.21034318773	4.02364623646826	0.299341761387859	6.76032046810269	1.37686847791298e-11	4.62142838710024e-10
ENSG00000012223	LTF	214.371413000093	12.4580918712046	1.49932709666176	6.97519033337652	3.05456990061099e-12	1.08453583558952e-10
ENSG00000018236	CNTN1	979.813646293778	8.25679611936046	0.944467582466961	6.62468065131217	3.47999692185152e-11	1.12479198754815e-09
ENSG00000019186	CYP24A1	21.9648161783995	8.99324196014706	1.32683804159136	5.27060706803343	1.35973280115963e-07	3.00264692961881e-06
ENSG00000020633	RUNX3	24.5900484967764	7.38430347033623	1.27492333126027	4.22323706713706	2.40818278443203e-05	0.000409959740746073
ENSG00000021355	SERPINB1	558.460439807526	2.88873110795423	0.223965090900418	3.96816800502801	7.24272682704724e-05	0.00116030583110406
ENSG00000022556	NLRP2	55.3814929601532	6.00926102668324	0.845196543891582	4.74358426529194	2.09969542531488e-06	4.00633485007434e-05
ENSG00000034053	APBA2	672.284736129243	5.14060330628597	0.371123821869265	8.46241367764397	2.61899588894061e-17	1.42847272481988e-15
ENSG00000041353	RAB27B	537.790838081154	3.9538347272219	0.276339953721738	7.07040259979679	1.54484835623246e-12	5.71766307917196e-11
ENSG00000046774	MAGEC2	213.637793117594	10.9238698912309	1.20033119733119	7.43450633547827	1.04959198017441e-13	4.39476884426059e-12
ENSG00000047597	XK	24.2425872780111	8.99131811304535	1.22349425772913	5.71422225227408	1.10206886935677e-08	2.72330907940455e-07
ENSG00000049249	TNFRSF9	32.3671077081606	4.611352071704	0.755331975007408	3.45722431739817	0.000545770341885885	0.00767550300153508
ENSG00000050344	NFE2L3	965.601650784913	2.87034293950558	0.236695629990694	3.67705537926406	0.00023594183216199	0.00351496093358307
ENSG00000053747	LAMA3	361.352367922755	8.65084370025261	1.18973737766833	5.5901779880927	2.26836976727178e-08	5.41177541167387e-07
ENSG00000055732	MCOLN3	77.1848335080418	10.1431576276764	1.20516018566625	6.75690893586449	1.4096672644504e-11	4.71243808706695e-10
ENSG00000056558	TRAF1	276.001962757953	5.25836131627486	0.452975623883118	7.19323765888917	6.32726648557308e-13	2.41733653449971e-11
ENSG00000058866	DGKG	187.148569685752	5.05697026773664	0.50613036362679	6.03988712676954	1.54222072736553e-09	4.15797754153623e-08
ENSG00000063015	SEZ6	363.75838112231	9.02207673406595	0.493971702635621	14.2155445273467	7.33784388854174e-46	1.73812556451301e-43
ENSG00000065675	PRKCQ	33.7898255862318	6.04301331087138	0.665271193934613	6.0772409022549	1.22268011316266e-09	3.34542227002476e-08
ENSG00000068615	REEP1	76.7782502354954	5.64807181584105	0.823855196958044	4.42804977053126	9.50889625839327e-06	0.000170266748229394
ENSG00000069011	PITX1	928.289978114419	9.59746771067161	0.665307888049935	11.4194763764794	3.34241638798336e-30	3.79593192665425e-28
ENSG00000070019	GUCY2C	7.66057537685103	6.72978172547445	1.31928092454307	3.58512098332097	0.000336921981773139	0.00489614669568836
ENSG00000070731	ST6GALNAC2	37.6865346048743	6.23908075379174	1.08851604515011	3.89436680578019	9.84555719902305e-05	0.00154299795762761
ENSG00000073350	LLGL2	62.9579371931926	3.17991144183517	0.330266956269016	3.57259913363564	0.000353455612033293	0.00510954446654231
ENSG00000074706	IPCEF1	65.6597449641656	9.096868607011	1.27121852743771	5.58272905392244	2.36773464584358e-08	5.61651046677145e-07
ENSG00000075340	ADD2	995.712049406286	11.5774450627238	1.03412509581711	9.2613989366115	2.01771037870855e-20	1.36553697099455e-18
ENSG00000075643	MOCOS	209.243086782728	3.78648700845893	0.410931914745647	4.34740389917076	1.37758397646356e-05	0.000242481103118284
ENSG00000076554	TPD52	695.404092622667	7.49612047490874	0.420425741686886	13.07274966765	4.71305912847979e-39	8.40292832358317e-37
ENSG00000078081	LAMP3	55.365937501269	5.91481159724306	0.939313465148378	4.1677371213077	3.07638423874337e-05	0.00051524774810711
ENSG00000078900	TP73	141.934271242988	4.75031931428861	0.336791505631048	8.16623717731635	3.18157464280123e-16	1.5700502723895e-14
ENSG00000079841	RIMS1	134.591954659221	8.14725526842523	0.787264042762341	7.8083780466536	5.79286085072536e-15	2.675527180108e-13
ENSG00000080493	SLC4A4	127.459837725602	5.23570801312755	0.556297941298432	5.81650186512503	6.00918725512924e-09	1.51887704081247e-07
ENSG00000081052	COL4A4	26.1602357720939	4.83427378849206	0.717593537000849	3.94969246843803	7.82516672038003e-05	0.00124280736964197
ENSG00000082293	COL19A1	52.3580988010659	8.62101002774708	1.25592552641675	5.27181738764185	1.35079444925319e-07	2.99032346636411e-06
ENSG00000085831	TTC39A	41.8775318956951	3.55820299744524	0.435375438889837	3.57898691166066	0.000344928740145623	0.0049949899042398
ENSG00000086300	SNX10	92.9872509559435	9.16201346996153	1.21365722609593	5.9011830655021	3.60904174818515e-09	9.33861116302005e-08
ENSG00000088320	REM1	6.99813904675478	6.69279245602832	1.35924538558895	3.452498353706	0.000555420865513219	0.0078046045517582
ENSG00000088726	TMEM40	78.4937682147427	8.07323699754748	0.839204854393008	7.2368945028806	4.590749607708e-13	1.78265150457626e-11
ENSG00000089041	P2RX7	253.036242671828	4.50585302971682	0.392467379887931	6.38486956656721	1.71543620441543e-10	5.143516764089e-09
ENSG00000091490	SEL1L3	2822.01180702006	2.78552076516011	0.215721991527925	3.64135691311021	0.000271204844193672	0.00399010427823894
ENSG00000099282	TSPAN15	186.992625155847	4.05151038412586	0.362052462232765	5.6663345733772	1.4588453970132e-08	3.56246178613784e-07
ENSG00000100311	PDGFB	168.529372168965	3.24891704901922	0.363733198608943	3.43360752825301	0.000595605910851645	0.00829894252758918
ENSG00000100427	MLC1	941.82349562723	5.57560524990539	0.931037305509568	3.84045325439287	0.00012280735637612	0.00189244310043907
ENSG00000101160	CTSZ	1148.21434696323	4.81387907258262	0.498513549619531	5.64453879885551	1.65624629261996e-08	3.99741190362905e-07
ENSG00000102271	KLHL4	1608.19634423625	3.7758182166827	0.371193742050972	4.78407369389016	1.71777656956261e-06	3.31576871943163e-05
ENSG00000103241	FOXF1	115.366732499868	5.78800081896319	0.625115476921564	6.0596817049188	1.36391173789512e-09	3.70738041410476e-08
ENSG00000104055	TGM5	96.3798890914385	4.5399533566109	0.51738223666013	4.90923958465818	9.1430222837569e-07	1.83092333921465e-05
ENSG00000104267	CA2	204.837088794001	3.49301039596901	0.265552784921218	5.62227353937164	1.88460535368964e-08	4.52223464103153e-07
ENSG00000104369	JPH1	443.314456100459	7.78404946481545	1.03576006999268	5.58435262411337	2.34572334269138e-08	5.57226916119853e-07
ENSG00000104611	SH2D4A	360.108362743859	9.15794514988675	0.856456500119474	8.35762837795992	6.39916534023547e-17	3.38992206090876e-15
ENSG00000104833	TUBB4A	253.078372708035	3.44766778748537	0.338933388071289	4.27124573274817	1.94384071598639e-05	0.000335388375772845
ENSG00000105173	CCNE1	331.184369714396	3.04594305666191	0.250449784894073	4.17625855460124	2.96342971168562e-05	0.000497334291998575
ENSG00000105357	MYH14	261.75547318525	11.6671896453022	1.18482779954634	8.15915160751934	3.37385948807296e-16	1.65999893684682e-14
ENSG00000105976	MET	3759.23453724401	3.3899904349291	0.228331309169457	6.08760331636128	1.1461341487201e-09	3.15158380098309e-08
ENSG00000105991	HOXA1	31.2951983312135	6.59980540965908	1.22087825140534	3.7676200754369	0.000164811273168194	0.00249793027459033
ENSG00000105997	HOXA3	322.287780261633	8.07098163640566	1.18842756903479	5.10841535032407	3.2487188989837e-07	6.85330891400111e-06
ENSG00000106004	HOXA5	105.291064420291	6.21599576366293	1.20600028672673	3.49584971916199	0.000472554760595134	0.00671992322935499
ENSG00000106078	COBL	511.702527986565	3.73677221066665	0.337665173594975	5.14347450219989	2.69703273799112e-07	5.72592827511278e-06
ENSG00000106733	NMRK1	174.306331154628	3.19799692968943	0.284976593051258	4.20384325906354	2.62420692121251e-05	0.000444453268239272
ENSG00000106789	CORO2A	126.8121357693	3.73563984498699	0.344618453628824	5.03641005497746	4.74343844412368e-07	9.84367369737355e-06
ENSG00000106853	PTGR1	1167.64885843778	2.62999134145795	0.184490308697359	3.41476658533537	0.000638366906396475	0.00881329032053284
ENSG00000107485	GATA3	54.6123585712165	5.28678475338171	0.562637184008573	5.84174819368431	5.16558462379756e-09	1.31973125804603e-07
ENSG00000107562	CXCL12	625.713301021092	8.20763742613576	1.21516773869916	5.10846134936157	3.24792825041165e-07	6.85330891400111e-06
ENSG00000107984	DKK1	2100.26543686323	3.96825390908029	0.475588087030372	4.13856856964249	3.49479427159719e-05	0.000579471838173529
ENSG00000108179	PPIF	2165.088234254	2.58649815744258	0.171832946625404	3.41318803501141	0.000642076236906523	0.0088497639934722
ENSG00000108511	HOXB6	297.168619171386	10.2895545085715	1.19252595823481	6.95125707858119	3.62045414114821e-12	1.27453821898893e-10
ENSG00000108602	ALDH3A1	129.962371834179	6.7933700614884	0.668395063720607	7.17146239053024	7.42008229914171e-13	2.82184368353368e-11
ENSG00000108691	CCL2	4891.85954412041	5.55935528861708	0.406851249311712	8.74854211370519	2.16126712078308e-18	1.29371733320232e-16
ENSG00000108771	DHX58	270.659513744075	3.46542626060973	0.428780025194975	3.41766447712524	0.000631609177404148	0.00873711000728693
ENSG00000109610	SOD3	1871.55223486457	4.14759824798281	0.344720375369953	6.22997188860104	4.66518878810108e-10	1.33368095337076e-08
ENSG00000109705	NKX3-2	23.722208530705	3.99699951885298	0.518897841525242	3.84854080907916	0.000118823504378343	0.00184132011784794
ENSG00000109743	BST1	279.938574654551	3.78945339767802	0.370216200340446	4.8335361770567	1.34128890583691e-06	2.6288311285676e-05
ENSG00000110719	TCIRG1	728.493930819786	4.09536100733157	0.25827783938587	8.11281762428356	4.94592757496338e-16	2.39790716726514e-14
ENSG00000110723	EXPH5	93.0097279311741	4.8129787054062	0.320919533545551	8.76537079039138	1.86162930556797e-18	1.12655750057016e-16
ENSG00000111058	ACSS3	704.689766749564	3.41742813601941	0.255997139251934	5.53689052995424	3.07888854884931e-08	7.25156974836228e-07
ENSG00000111319	SCNN1A	69.6547555503646	5.77078658306265	0.552089552898232	6.83002705497259	8.4898619893469e-12	2.90248250815177e-10
ENSG00000111371	SLC38A1	7900.77502502219	4.27024985786997	0.207459572586321	10.9430952236506	7.17091270946542e-28	7.20611537185734e-26
ENSG00000111424	VDR	319.361353096219	4.81771375452219	0.486630073839176	5.79025815706861	7.02783223053854e-09	1.76558312446302e-07
ENSG00000111846	GCNT2	232.02764582568	4.45816211425711	0.322949590577176	7.61159693642551	2.70729733459102e-14	1.18442472572173e-12
ENSG00000112182	BACH2	138.762266414003	4.11772714637794	0.426629940121543	4.96385027683388	6.9109227581184e-07	1.40428934132795e-05
ENSG00000112246	SIM1	60.3894659948721	6.47921574565983	1.26106254432577	3.55193782085936	0.000382405215052018	0.00550402689871467
ENSG00000112379	ARFGEF3	314.740133325647	8.02925095544699	0.689077372296033	8.74974451034038	2.13836321885073e-18	1.28464494680304e-16
ENSG00000112394	SLC16A10	24.0060493232023	5.00793942916628	0.786259317648825	3.82563279270383	0.000130436599127588	0.00200814229353253
ENSG00000112852	PCDHB2	149.07388800243	3.77141448052848	0.360298665944314	4.91651690101529	8.80975954012407e-07	1.76845790477963e-05
ENSG00000112936	C7	13.9898128277359	8.51776891401101	1.34203913546148	4.85661613122017	1.19408761738701e-06	2.35280969024858e-05
ENSG00000113356	POLR3G	459.210457833338	2.86457409696334	0.217756316628766	3.97037436317989	7.17597888274326e-05	0.0011507244279958
ENSG00000113389	NPR3	87.5175440357431	4.58001069577887	0.3956181594579	6.52146680858673	6.96231297893298e-11	2.19471694873931e-09
ENSG00000113739	STC2	829.187343010678	4.45085842332453	0.68106476312187	3.59856882345558	0.000319973178870714	0.00466210481445985
ENSG00000114279	FGF12	268.348790112923	4.82305183459296	0.399360840385809	7.06892501494566	1.56138485429517e-12	5.7659960510174e-11
ENSG00000114529	C3orf52	79.8742551643582	3.82536074298667	0.317916692020362	5.74163228544714	9.37682651011491e-09	2.33099190950847e-07
ENSG00000115041	KCNIP3	177.714791564949	4.96011803624697	0.345909947409008	8.55748167527224	1.15359708666388e-17	6.41872258187042e-16
ENSG00000115112	TFCP2L1	52.5463265102916	7.86670639697555	1.25140158055769	4.6881085081905	2.7574181019143e-06	5.20737466376321e-05
ENSG00000115353	TACR1	41.2677205499879	8.15270320513527	1.2955818413939	4.74898845333899	2.04436613025109e-06	3.91880171164085e-05
ENSG00000115380	EFEMP1	1778.76579830366	7.58268164075378	0.447391781470244	12.4782838486833	9.80777995507596e-36	1.47838908577377e-33
ENSG00000115616	SLC9A2	15.4422016322195	6.16294125996121	1.09743101989295	3.79335118517725	0.00014862771932938	0.00227133291631378
ENSG00000115756	HPCAL1	1673.88104779062	3.45482275271036	0.168307159722275	8.64385540764265	5.43473232112817e-18	3.12893391029952e-16
ENSG00000115828	QPCT	256.855724168338	7.06925298026175	0.672497300667465	7.53795290364799	4.77406200489685e-14	2.04017325008234e-12
ENSG00000116183	PAPPA2	54.270148021903	4.34976883789795	0.549819386417029	4.27371041463367	1.92246689657552e-05	0.000332392321294251
ENSG00000116711	PLA2G4A	154.349669768531	4.52636530978822	0.428892159050852	5.89044415122701	3.85159023690095e-09	9.94754170063156e-08
ENSG00000116815	CD58	245.987534167023	3.31888756218062	0.209193108965477	6.30464152812163	2.88861666330848e-10	8.47719520253415e-09
ENSG00000116833	NR5A2	21.0385351495494	8.67050219232988	1.36640125645172	4.88180332156007	1.05120073938849e-06	2.09243210801927e-05
ENSG00000117115	PADI2	125.954350417358	6.58417017004339	1.2636333235278	3.62776929405862	0.000285880534269042	0.00419114512706895
ENSG00000117280	RAB29	636.672766364192	3.0448978351295	0.217007454865446	4.81503198024871	1.47176318088315e-06	2.87097709437923e-05
ENSG00000117586	TNFSF4	282.844162055169	3.867965931428	0.410973272665629	4.54522484956776	5.48766410673256e-06	0.000100542495639483
ENSG00000117676	RPS6KA1	541.409384126411	3.21932616167172	0.250715880299135	4.86337825995272	1.15399013005315e-06	2.28605858380063e-05
ENSG00000117707	PROX1	565.986504069017	4.27327846677185	0.206055071342814	11.0323830030361	2.66702949705297e-28	2.76387600566471e-26
ENSG00000117791	MTARC2	71.1128962211407	9.79227857079079	1.22216471750536	6.3758006258732	1.82009580093935e-10	5.44747445403888e-09
ENSG00000119125	GDA	73.0218442337596	9.99448298820269	1.25196171013582	6.38556508835671	1.70765689725239e-10	5.12946721256193e-09
ENSG00000119138	KLF9	697.882285100882	4.603284848721	0.566528341178741	4.59515378048785	4.32430235640072e-06	8.01131367279111e-05
ENSG00000119630	PGF	43.6184086001918	4.26978933090009	0.593725488536305	3.82296090487162	0.00013185869259857	0.00202815304450546
ENSG00000120068	HOXB8	214.12525416368	9.12659584048117	1.18976970132909	5.98989521461174	2.09976279811294e-09	5.5705867128817e-08
ENSG00000120093	HOXB3	2702.85375715868	10.2341347065914	0.52804982892767	15.5934804927647	8.06188812159967e-55	2.78487847800509e-52
ENSG00000120337	TNFSF18	166.995751206111	6.32362360258671	0.3734557929879	11.5773370871952	5.36879541401338e-31	6.45072440288086e-29
ENSG00000120675	DNAJC15	329.803038508237	4.77613930594482	0.261551460238338	10.6141227558626	2.56189503845694e-26	2.44130928923302e-24
ENSG00000120833	SOCS2	198.92232247138	3.47081024350123	0.32429801342195	4.53536618365753	5.75036282121027e-06	0.000105007451474105
ENSG00000121207	LRAT	60.5791563516021	9.04458286512926	1.22401388877369	5.75531285203556	8.64814827540721e-09	2.1530772755935e-07
ENSG00000121297	TSHZ3	371.143828364556	4.00803898958476	0.315529530758074	6.3640287004527	1.96529392268908e-10	5.8608882251992e-09
ENSG00000121310	ECHDC2	388.803765716009	6.12797491748845	0.282354085998086	14.6198518887962	2.0985635412126e-48	5.89767492827901e-46
ENSG00000121316	PLBD1	105.722875417716	6.64181075668834	0.565374944305458	8.21014585708363	2.20919965854392e-16	1.10333552826255e-14
ENSG00000123496	IL13RA2	497.817827779437	12.304417844903	1.19502308455458	8.62277723174173	6.53495078103332e-18	3.72357453265682e-16
ENSG00000124406	ATP8A1	201.081192774634	5.88579246774266	0.351701568451332	11.0485502946524	2.22783350670817e-28	2.33795616295748e-26
ENSG00000124479	NDP	111.957892342393	6.98870240655414	1.33079222123075	3.74867115013677	0.000177774002312477	0.00267726678686937
ENSG00000125378	BMP4	61.4478570496705	7.04245539807253	1.1526455646894	4.37467991249444	1.21610789578231e-05	0.000215660802352582
ENSG00000125726	CD70	1208.74002204475	3.34528928329965	0.319124169913639	4.21556688628038	2.4915153133845e-05	0.000422843555897936
ENSG00000125820	NKX2-2	72.0153493797214	5.23541342864396	0.510053745535249	6.3432794229336	2.24924931468888e-10	6.65978622979578e-09
ENSG00000127252	PLAAT1	6.86634846231336	6.67782805964182	1.28321411803943	3.64539946520296	0.000266976771893482	0.00393488164868073
ENSG00000127824	TUBA4A	416.203702463534	2.7326522644141	0.170638150807851	4.2936017587246	1.7579768516974e-05	0.000305225279350728
ENSG00000128274	A4GALT	130.526641049328	5.54862440268521	0.327019067809283	10.8514296320934	1.96330180356127e-27	1.94931180867362e-25
ENSG00000128709	HOXD9	72.968642036747	8.86909969615154	1.19719734734863	5.73765028076966	9.59990862672236e-09	2.37931367622845e-07
ENSG00000128710	HOXD10	174.18757193809	10.6957910179296	1.18729507831429	7.32403526027904	2.40623418558395e-13	9.66047676299457e-12
ENSG00000128713	HOXD11	53.1356000327976	9.17107606765256	1.19229394993346	6.01452021798211	1.80420249749087e-09	4.82507767917679e-08
ENSG00000128849	CGNL1	1606.56926731517	3.41286674413684	0.351195073617448	4.02302552135413	5.74552677747693e-05	0.00092852416664079
ENSG00000129422	MTUS1	52.3796572150063	6.39277967664449	0.808042456775067	5.43632285632152	5.43913614938386e-08	1.24911795696584e-06
ENSG00000129521	EGLN3	220.931281081687	5.80325507117162	0.765841408390706	4.9661131266897	6.83081179505024e-07	1.38971399231568e-05
ENSG00000129682	FGF13	234.319659904656	8.14003082843966	1.04678820938363	5.86559035858366	4.47537462859031e-09	1.14692715172575e-07
ENSG00000130052	STARD8	65.2170794415765	5.73783286018824	0.543022881447988	6.88338003404421	5.84488226489814e-12	2.01904151738075e-10
ENSG00000130294	KIF1A	808.467207948357	5.05047257961839	0.193252687992244	15.78489081477	3.95332772561566e-56	1.45666948929852e-53
ENSG00000130830	MPP1	278.647815130124	5.16547247063202	0.261549124650355	12.1027836543659	1.02089625860406e-33	1.41062340532616e-31
ENSG00000130940	CASZ1	167.628084842637	3.37727858749489	0.364715494044294	3.77630950695946	0.000159169187095638	0.00241683543153185
ENSG00000131015	ULBP2	55.1181391264129	5.28398909915382	0.751405260824542	4.37046327776597	1.23983205038449e-05	0.00021939866838234
ENSG00000132170	PPARG	105.615903582042	7.21624998629136	0.635082270295519	8.21350277006491	2.14827768971238e-16	1.07615082698251e-14
ENSG00000132182	NUP210	3247.18839127195	3.70425302359109	0.139381098723713	12.2272893469532	2.22231354460151e-34	3.17656731750324e-32
ENSG00000132554	RGS22	8.02355703412192	7.13954658604986	1.2687900636544	4.05074624500669	5.10545503121057e-05	0.00082750293130501
ENSG00000132561	MATN2	771.060912637899	3.52973115144337	0.369422779764194	4.14086849874232	3.45993283693689e-05	0.000574265729421928
ENSG00000132623	ANKEF1	204.532959951131	4.01046672209513	0.357104153575055	5.62991693590755	1.80296429775133e-08	4.33888984339837e-07
ENSG00000132639	SNAP25	465.324524223546	4.54835649175095	0.62891351193873	4.05199831674028	5.0782030559184e-05	0.000823891241391223
ENSG00000132849	PATJ	670.212037083259	3.02026472123502	0.246055098282094	4.14648884887288	3.37612614319984e-05	0.000561479915550618
ENSG00000133101	CCNA1	144.247447260338	6.04591674694674	0.646465500278194	6.25851920203887	3.88650049802038e-10	1.12073156100306e-08
ENSG00000133135	RNF128	68.1293722866189	9.222113537305	1.22385248306197	5.90113076310956	3.61018621041907e-09	9.33861116302005e-08
ENSG00000133805	AMPD3	231.267680035382	3.01969716215955	0.264020916214339	3.86218325722243	0.00011237821618995	0.00175101869278978
ENSG00000133816	MICAL2	1957.35946567176	3.3770372814081	0.294964340497995	4.66848731301966	3.03425511166405e-06	5.71066787815002e-05
ENSG00000134184	GSTM1	77.7465059094501	8.17526605078703	0.878776112264057	7.02712097496281	2.10838558463482e-12	7.64970270871554e-11
ENSG00000134202	GSTM3	1287.15286844659	3.0999891370802	0.174112686333707	6.31768517414029	2.65510208008654e-10	7.84745946344295e-09
ENSG00000134215	VAV3	298.972619878966	6.875758186966	1.30563080638353	3.73440804485257	0.000188157221706342	0.002828499449785
ENSG00000134247	PTGFRN	3931.09438636683	3.9259367089438	0.192887694689065	9.98475673654772	1.7773650957345e-23	1.45893518081058e-21
ENSG00000134330	IAH1	610.814292735028	2.66225149659887	0.113774674428468	5.8207285577885	5.85916595828991e-09	1.48321879014359e-07
ENSG00000134595	SOX3	745.31898786335	9.44084429850495	0.626609320567987	11.8747743677994	1.60065350985964e-32	2.05739812767308e-30
ENSG00000134709	HOOK1	104.464006130502	7.57844645277248	0.56123144624727	9.93965411252936	2.79796961818644e-23	2.26307971898289e-21
ENSG00000134716	CYP2J2	22.7678528098678	5.99707638961979	0.927366016238921	4.31013895228829	1.63151998134045e-05	0.000285060408963182
ENSG00000134755	DSC2	35.5814956920289	8.94000250040706	1.22690979794432	5.6564895903798	1.54500344643916e-08	3.76730913903055e-07
ENSG00000134873	CLDN10	104.389034677063	3.82647062391409	0.369362079133837	4.94493270180092	7.61701737249831e-07	1.54398245786546e-05
ENSG00000135298	ADGRB3	52.223267827929	4.9595711672941	0.629467070967972	4.70170927725096	2.57992655831554e-06	4.89448080817276e-05
ENSG00000135314	KHDC1	72.5406770413502	4.19995186722684	0.461537700145252	4.76657024233229	1.87388419301682e-06	3.60450972208955e-05
ENSG00000135373	EHF	48.5713450678935	8.64825451699237	1.27895303446019	5.19820066715617	2.01226836478276e-07	4.33880647028126e-06
ENSG00000135457	TFCP2	571.673146449605	9.14054352989445	0.727997641548296	9.80847069052041	1.03525578008665e-22	8.13534411830177e-21
ENSG00000135678	CPM	84.1081135882785	5.02447751144201	0.684739850525158	4.41697311631914	1.00092673535826e-05	0.0001788401530062
ENSG00000135750	KCNK1	211.157495612502	3.53519872577185	0.28073816564141	5.46843612183737	4.54023630935469e-08	1.05141980789679e-06
ENSG00000135824	RGS8	73.4021740529019	3.42915404183488	0.41534422525958	3.44089060331029	0.000579802900840413	0.00811283704543029
ENSG00000135903	PAX3	74.6130487960925	8.43499634394384	1.22773074082812	5.24137429319669	1.59385041292051e-07	3.47732022324144e-06
ENSG00000135929	CYP27A1	264.311136857727	3.74254734494061	0.504023346707074	3.45727505744556	0.000545667582343898	0.00767550300153508
ENSG00000136155	SCEL	22.3294313893565	5.8961981269051	1.15261322148477	3.38031705196485	0.000724022577900375	0.009880673550754
ENSG00000136167	LCP1	20.3873198978296	8.1442932480305	1.24351880142891	4.94105375887377	7.77014789203227e-07	1.57309917213415e-05
ENSG00000136235	GPNMB	153.627409490783	5.04363756174229	0.840294859283614	3.62210660712255	0.000292213642054211	0.004276429301766
ENSG00000136237	RAPGEF5	272.157836663401	3.93013303501656	0.394266763463182	4.89550023964119	9.80559724046673e-07	1.95651754325125e-05
ENSG00000136250	AOAH	8.3066825030769	7.4386796269521	1.2607594957391	4.3138121468312	1.60463308174922e-05	0.000280954816562659
ENSG00000136630	HLX	20.8824224969463	6.32785104883362	1.22034217182328	3.54642423146576	0.00039049701729707	0.00560106491678436
ENSG00000136997	MYC	7641.20461662829	3.58751752544586	0.400350533555259	3.96531887031127	7.32978945194013e-05	0.00117198880330395
ENSG00000137203	TFAP2A	508.917762484364	3.26439765718056	0.245748773411765	5.14508227091738	2.67403595561012e-07	5.68438335640659e-06
ENSG00000137561	TTPA	22.7980174039679	8.40509408629455	1.23502284794154	5.18621505421551	2.1461097555435e-07	4.60941008506046e-06
ENSG00000137673	MMP7	11.0540013141868	6.72788746021052	1.33853618670571	3.53213271868758	0.00041222241124378	0.00589229293175269
ENSG00000138115	CYP2C8	20.3320738134692	5.84940360222307	1.12222988225429	3.43013821240488	0.000603273874197187	0.00839168129871104
ENSG00000138135	CH25H	73.381871665967	7.97217281591009	1.12469788945428	5.31002402681477	1.09610783784351e-07	2.44610552614848e-06
ENSG00000138646	HERC5	234.014634438647	4.23690333277974	0.37590161719993	5.95076804787993	2.6688709161816e-09	6.99092395911645e-08
ENSG00000138678	GPAT3	1050.34294115232	5.43137573536294	0.36641660220323	9.36468411837888	7.62781128015282e-21	5.3819888866474e-19
ENSG00000138741	TRPC3	40.6392695167705	7.94597285191134	1.21305389888733	4.90165594238249	9.50321682580194e-07	1.8984679299834e-05
ENSG00000138772	ANXA3	221.297185511989	3.9107884958664	0.418638018134758	4.56429758668341	5.01169472269767e-06	9.22296450577692e-05
ENSG00000138821	SLC39A8	615.239885938959	4.35350157670363	0.261949333119781	8.9845679264526	2.59752879792657e-19	1.6629198841089e-17
ENSG00000139117	CPNE8	186.960030876188	9.22826690345416	1.19570976670585	6.04516840517899	1.49254020039274e-09	4.04375965076993e-08
ENSG00000140015	KCNH5	122.160688656767	7.90675202008998	1.22915632036895	4.80553361863442	1.54339299909932e-06	3.00011715334887e-05
ENSG00000141293	SKAP1	59.0755253278075	10.1577436748714	1.26921538294737	6.42739111460148	1.29812516367541e-10	3.9493969429178e-09
ENSG00000141384	TAF4B	187.355659660717	4.07249896283811	0.483719442790871	4.28450622303003	1.83145482788932e-05	0.000317318207954366
ENSG00000141639	MAPK4	149.091080881018	5.07345145228218	0.874148051276552	3.51593925970995	0.000438201222469554	0.0062474758983385
ENSG00000141750	STAC2	256.814537882495	4.08689668820011	0.555784998810644	3.7548632882607	0.000173436118512594	0.00261907493721068
ENSG00000141934	PLPP2	624.519696968535	4.99956824799866	0.411704723744002	7.28572706361219	3.19940117278968e-13	1.26007769230465e-11
ENSG00000142273	CBLC	24.7053578631298	4.6825721302908	0.70943110410193	3.78130041772932	0.000156011270044866	0.00237541126594483
ENSG00000142494	SLC47A1	148.810019924891	7.67630980421774	0.882223577723738	6.43409442633967	1.24211626775522e-10	3.79291525518404e-09
ENSG00000142619	PADI3	41.2014981910983	7.33139454116243	1.28340327285715	4.15410701680192	3.26560323728868e-05	0.000544738101383135
ENSG00000142623	PADI1	15.8662090811445	6.33320151293288	1.2645477280192	3.42668087326405	0.000611006685968937	0.00848500993304099
ENSG00000142634	EFHD2	1708.62670986511	3.35945077282611	0.289019644413764	4.7036621873353	2.5553592501326e-06	4.85342631459892e-05
ENSG00000142677	IL22RA1	19.9849316933652	8.5898214589038	1.22437016018739	5.38221338054761	7.35754728317426e-08	1.67346353226766e-06
ENSG00000143061	IGSF3	759.166261333409	6.63090298130429	0.331665044774176	13.9625898305243	2.63675371487627e-44	5.90810991167073e-42
ENSG00000143153	ATP1B1	729.647381537329	2.65470232030374	0.1877482170614	3.48712936160469	0.000488235136989766	0.00692508708847504
ENSG00000143162	CREG1	241.010775966523	3.0643731430403	0.202953332606161	5.24442308668937	1.5677208551102e-07	3.4248194332783e-06
ENSG00000143340	FAM163A	33.4158776693255	9.73401091496099	1.28578646089952	6.01500416293883	1.79882077429691e-09	4.8184567461417e-08
ENSG00000143469	SYT14	95.6705135477763	4.84053880105728	0.503058867894462	5.64653360141781	1.63715179720033e-08	3.96865701014308e-07
ENSG00000143631	FLG	1959.42343586727	8.54501276639852	1.01109058049065	6.47322098799738	9.59354815486247e-11	2.97885059842275e-09
ENSG00000143674	MAP3K21	246.606955329544	3.07220786665781	0.252914907966068	4.23940160459681	2.2411640018467e-05	0.000383100415614641
ENSG00000143995	MEIS1	310.539663051583	4.37827168078272	0.427982360608076	5.55693855560702	2.74547351561991e-08	6.4847145815518e-07
ENSG00000144152	FBLN7	386.197223901966	3.23153606739263	0.263454731988119	4.67456423385922	2.94578428577809e-06	5.55046014119164e-05
ENSG00000144681	STAC	480.679085553274	4.47805461888715	0.269311450623413	9.20144543854651	3.53166627418351e-20	2.32375232112051e-18
ENSG00000144843	ADPRH	65.2521979655106	5.8538704814153	0.715909706960389	5.38317953220395	7.31814808577151e-08	1.66678864574419e-06
ENSG00000144868	TMEM108	131.007266283832	6.88678552211303	0.709478505330982	6.88785563677264	5.66396441825078e-12	1.96473209244804e-10
ENSG00000145536	ADAMTS16	342.496530583214	3.88198576630164	0.35785457584473	5.25907978641641	1.44778066788059e-07	3.17535069499048e-06
ENSG00000145703	IQGAP2	253.126608144465	4.28706431652318	0.516154446913929	4.43096892838464	9.38106073724357e-06	0.000168159316847822
ENSG00000145990	GFOD1	222.251305019665	3.59863501726313	0.286966019232416	5.57081643861248	2.53548353976885e-08	6.0058360818439e-07
ENSG00000147202	DIAPH2	442.146587097754	5.65220517622713	0.261910765850635	13.9444637350644	3.39993898316208e-44	7.51658510397473e-42
ENSG00000147231	RADX	219.870606342646	4.84671575948182	0.483342569202983	5.88964420033594	3.87027970658917e-09	9.98026560108166e-08
ENSG00000147408	CSGALNACT1	76.6119120053415	5.44066297643199	0.942264751621934	3.65148220869933	0.00026073116410695	0.00384967358152924
ENSG00000147883	CDKN2B	984.241190791931	3.16794558098094	0.264085876007945	4.42259767404525	9.75212380461574e-06	0.000174433618990651
ENSG00000147889	CDKN2A	2903.43852982463	5.83659134335006	0.185949524211274	20.6324343104582	1.40401337783981e-94	1.10856884847438e-91
ENSG00000148053	NTRK2	1627.86263579072	10.6595579739851	0.596933423518485	14.5067400028354	1.0981700892536e-47	2.98504233605147e-45
ENSG00000148655	LRMDA	18.1715583057909	8.02364391548059	1.25619202418314	4.7951617264865	1.62543641661625e-06	3.14852350746659e-05
ENSG00000148671	ADIRF	120.879814044674	8.54904108186693	0.794390442281968	8.24410860615863	1.66395971938346e-16	8.43734437525905e-15
ENSG00000148677	ANKRD1	76.5365671749869	4.40483581583633	0.457413167324438	5.25746958685737	1.46051038204025e-07	3.19903865846888e-06
ENSG00000148735	PLEKHS1	229.944507151291	5.11730121725139	0.878607488875126	3.54800210187423	0.000388165123797921	0.0055724380239769
ENSG00000148948	LRRC4C	129.432129051536	4.95056633243949	0.77396109375474	3.8122928351932	0.000137683616717732	0.00211382597110807
ENSG00000149295	DRD2	257.083032045	5.22978439426001	0.569396818374238	5.67229090510518	1.40900445539892e-08	3.45091622968529e-07
ENSG00000149403	GRIK4	51.0303526828888	8.0695693276757	1.08680141592226	5.58480071773285	2.33968343788788e-08	5.56589542089225e-07
ENSG00000149571	KIRREL3	295.932534000335	4.035958596605	0.47658273584912	4.27199401794857	1.93732774812357e-05	0.000334612826996218
ENSG00000150394	CDH8	103.951513640458	5.23547186453583	0.522659156885746	6.19040501234938	6.00098216577439e-10	1.69799121656493e-08
ENSG00000150625	GPM6A	5828.91603491864	6.50920881870502	0.716474682507593	6.29360524355616	3.10176036405111e-10	9.0705976360373e-09
ENSG00000150782	IL18	196.773424779457	4.17995699878411	0.300319546750058	7.25879158507914	3.9056370571131e-13	1.53095432728114e-11
ENSG00000151320	AKAP6	932.376916888263	4.44366650141303	0.36283832609454	6.73486323155487	1.6408420371338e-11	5.46321321640873e-10
ENSG00000151690	MFSD6	494.828370672709	3.35230528672124	0.192986590679933	7.00724999574726	2.43047769603777e-12	8.72288975714335e-11
ENSG00000151726	ACSL1	1188.64456783564	2.64528175410902	0.189564747069184	3.40401769888953	0.00066402450690338	0.00912194726509109
ENSG00000152049	KCNE4	1427.99568405834	11.3673771909956	1.23194817667412	7.60371042253138	2.87758757665457e-14	1.25561262127656e-12
ENSG00000152078	TLCD4	169.82667021247	6.0787694425225	0.362787755782905	11.2428530938714	2.51132438187505e-29	2.73949141946514e-27
ENSG00000152128	TMEM163	23.7377618288614	8.06619322583793	1.22303654894683	4.95994435412547	7.05133755442889e-07	1.43106766205613e-05
ENSG00000152137	HSPB8	195.225730868773	10.7310349159789	1.19300023004347	7.31855258373316	2.50659800663602e-13	1.0039106654114e-11
ENSG00000152689	RASGRP3	214.018367130846	5.44886528587731	0.407855786472025	8.45609011878975	2.76491954878931e-17	1.49820689668221e-15
ENSG00000152939	MARVELD2	26.4047869757777	5.54964205186236	0.721081983723862	4.92266085130993	8.53753388356609e-07	1.71797147237147e-05
ENSG00000152977	ZIC1	2306.32858444647	3.7050872927217	0.277286145205227	6.14919757876731	7.78759201435285e-10	2.18487416565118e-08
ENSG00000153551	CMTM7	1005.24285900147	3.17992898935914	0.27695534942007	4.2603581834756	2.04099553160482e-05	0.000351785310909975
ENSG00000153814	JAZF1	428.622949420767	4.15735235562987	0.330518355940827	6.52717864788152	6.70200935514267e-11	2.12072551751184e-09
ENSG00000153822	KCNJ16	15.6458866654814	8.07663115569037	1.35038056583646	4.49993972767695	6.79727326519011e-06	0.000123175506021986
ENSG00000153898	MCOLN2	30.7440205273809	8.07144500468197	1.2064021630848	5.03268743248697	4.83651350002127e-07	1.00242787929816e-05
ENSG00000153976	HS3ST3A1	307.269752496045	5.47487173469983	0.280745577430924	12.3772982160504	3.46822540707902e-35	5.13452191739083e-33
ENSG00000154065	ANKRD29	58.4779450956772	7.36892568049046	1.20484115208074	4.45612740834624	8.34534463153191e-06	0.000150080433118688
ENSG00000154096	THY1	4722.67999429406	4.45731791573682	0.288837413317061	8.5076164043866	1.77545452066326e-17	9.81293713570586e-16
ENSG00000154237	LRRK1	386.826353431049	3.18233557991392	0.181149320733632	6.52685627042713	6.71644404306006e-11	2.1212449271996e-09
ENSG00000154451	GBP5	670.34205427636	5.1269115321674	0.48834038027653	6.40313940534006	1.52214090711564e-10	4.60558729578183e-09
ENSG00000154553	PDLIM3	218.797590174785	6.0154486730466	0.620042794282109	6.47608311890105	9.41342056188781e-11	2.92840387123193e-09
ENSG00000154589	LY96	131.342748760477	6.95213156963621	0.766307017371124	6.46233357828939	1.03100507628525e-10	3.18938342721747e-09
ENSG00000154655	L3MBTL4	61.9914463596861	5.90140448153119	0.817955524521188	4.76970246495369	1.8449822506716e-06	3.55303724719927e-05
ENSG00000155816	FMN2	506.921869641205	4.58084886040486	0.299789247525212	8.6088773420328	7.37795399910624e-18	4.18951559106783e-16
ENSG00000156463	SH3RF2	68.7165620769849	6.217103716058	0.682154962682738	6.18203186483204	6.32817477716856e-10	1.78752071516579e-08
ENSG00000156510	HKDC1	66.5596321905759	10.0447578155144	1.45354026857712	5.53459576554385	3.11946954904544e-08	7.33672689258473e-07
ENSG00000156959	LHFPL4	32.4297647726779	5.60423544592983	0.587751577624576	6.13224291204204	8.66486635581301e-10	2.41060652761301e-08
ENSG00000157064	NMNAT2	105.349487161559	3.73063185633925	0.345366679441402	5.0109983370092	5.41483826707073e-07	1.11670936948134e-05
ENSG00000157214	STEAP2	454.307817398146	3.38804530083115	0.333095698088532	4.1671066567249	3.0849018291484e-05	0.000516152948830571
ENSG00000157404	KIT	47.9748342059176	9.84696501303512	1.21864120184865	6.43911021647016	1.20175913310354e-10	3.68324735415709e-09
ENSG00000157557	ETS2	870.556684379229	3.47495313131921	0.240808345784336	6.12500836096503	9.06788447368004e-10	2.51850238623264e-08
ENSG00000157833	GAREM2	219.277792450167	4.64577567124609	0.457795079181777	5.77938862072288	7.49725674998639e-09	1.88066587248902e-07
ENSG00000158125	XDH	28.1056100098437	5.64629033096756	0.993681390279785	3.66947631970937	0.00024304784958144	0.00360295018813221
ENSG00000158457	TSPAN33	117.108443506068	4.05901557206368	0.345803658147014	5.95429089182254	2.61201857811499e-09	6.86368938886286e-08
ENSG00000158458	NRG2	123.816408150131	6.3068807135058	1.08620470512328	3.96507278341884	7.33735552810304e-05	0.00117206832380999
ENSG00000158769	F11R	144.644718305061	3.54944228265813	0.422290481630522	3.66913854339202	0.000243369170177195	0.00360295018813221
ENSG00000158786	PLA2G2F	10.9698716595319	8.07040724520098	1.36697754175704	4.4407512631103	8.96453658074127e-06	0.000161041149561507
ENSG00000158856	DMTN	169.67228748081	5.23038479071091	0.369885036620957	8.73348330124874	2.46947191541266e-18	1.46760981467589e-16
ENSG00000159184	HOXB13	7.9748951147635	7.42971766697468	1.28030077077131	4.24097039612308	2.22555492195735e-05	0.000380824831382609
ENSG00000160190	SLC37A1	55.7967542381378	3.9043104294043	0.447128448992131	4.25897845171067	2.0536326386728e-05	0.000353595875200765
ENSG00000160219	GAB3	129.606416263977	5.58686195787919	0.511154365030923	7.01717955135176	2.26391607141534e-12	8.1604331261169e-11
ENSG00000161267	BDH1	413.34052286268	4.5817780673822	0.266230273014324	9.69753754203336	3.08862766594982e-22	2.34919886830798e-20
ENSG00000161798	AQP5	14.6618550947651	7.11690689321925	1.29476096409881	3.95200893068378	7.7497847685012e-05	0.00123319751676121
ENSG00000162444	RBP7	71.7368030074579	4.52147473248725	0.314122340750425	8.02704680750679	9.98469971033008e-16	4.79873350426038e-14
ENSG00000162599	NFIA	220.332959450497	5.06312273203055	0.514621339151027	5.95218755810592	2.64581908396096e-09	6.94150731505644e-08
ENSG00000162873	KLHDC8A	1225.77931718076	4.6583453130763	0.415795405500493	6.39339751692649	1.62239750020674e-10	4.89999507302876e-09
ENSG00000162981	LRATD1	78.4850944453	7.59841276948653	0.925282805608614	6.05048827834223	1.44407470683835e-09	3.91885478135625e-08
ENSG00000163064	EN1	309.002166951874	7.04441213100136	1.19507744264431	4.2209918378509	2.43229744720961e-05	0.000413216434141214
ENSG00000163171	CDC42EP3	3552.76647836307	5.76463318077321	0.225624186852897	16.6854149516678	1.67339276206021e-62	6.76744521651718e-60
ENSG00000163219	ARHGAP25	86.7099988920551	7.53318664253506	1.2109814866537	4.56917525454902	4.89647218953793e-06	9.03096833979182e-05
ENSG00000163235	TGFA	279.836597072276	12.35563837795	1.19842000072465	8.64107605988573	5.56860287816669e-18	3.19491364439038e-16
ENSG00000163293	NIPAL1	87.0457180357004	6.84054496379733	0.588692467661434	8.22253592444671	1.99244592826679e-16	1.00111351323005e-14
ENSG00000163393	SLC22A15	19.2304887969778	4.33213041098001	0.585513008900935	3.98305481778731	6.80350545702479e-05	0.00109416997073645
ENSG00000163624	CDS1	155.50107610337	4.7191185725554	0.450507164620129	6.03568330560999	1.58291426681819e-09	4.26076322371955e-08
ENSG00000163827	LRRC2	190.486253060735	12.2843250326256	1.20284177413455	8.55002316495471	1.23063810373826e-17	6.82448508297129e-16
ENSG00000163884	KLF15	72.508386596729	4.8014814184742	0.704960339044998	3.97395607002422	7.06886064858464e-05	0.00113464451514213
ENSG00000163898	LIPH	127.542237524657	4.05745568016832	0.567913403825652	3.62283345719369	0.000291393448911031	0.00426819326536556
ENSG00000164142	FAM160A1	171.735558637878	3.91781771161719	0.417090327326587	4.59808723906347	4.26387460285423e-06	7.91705540760649e-05
ENSG00000164181	ELOVL7	69.5074697183223	7.46651936593529	0.725356173698469	7.53632431094152	4.83403492901544e-14	2.06049185496157e-12
ENSG00000164241	C5orf63	46.9964747505657	8.13001173474554	1.21987396684854	5.02511890681789	5.03120709516543e-07	1.04147871217151e-05
ENSG00000164362	TERT	52.3664122380507	7.18118855046381	1.22383182917763	4.23357885204325	2.3000148604981e-05	0.000392351300431266
ENSG00000164430	CGAS	198.7744956972	10.6387894588613	1.19972090329071	7.20066595086079	5.99191809955198e-13	2.29450332583536e-11
ENSG00000164647	STEAP1	102.001746376528	4.45433037608529	0.461022733953571	5.32366452959446	1.01697383406277e-07	2.27870853278307e-06
ENSG00000164742	ADCY1	471.807303007074	4.54887864000435	0.297733826595297	8.56093064450139	1.11960045634165e-17	6.25053709313161e-16
ENSG00000164746	C7orf57	235.096821034543	4.43302211221028	0.534176657941034	4.55471439277837	5.2456800529927e-06	9.63218393783742e-05
ENSG00000164749	HNF4G	42.6690308305026	8.53664832039459	1.25451356002483	5.2105043171197	1.88327998043399e-07	4.07658816652427e-06
ENSG00000164778	EN2	135.686264419184	5.05191692016373	0.605096904449142	5.04368291710579	4.56655806289074e-07	9.50038886333642e-06
ENSG00000164855	TMEM184A	29.5127747879057	4.3857185547066	0.58584913926991	4.0722404366416	4.65630766500559e-05	0.000758410976360095
ENSG00000165078	CPA6	200.186203066734	3.71929446814017	0.302035045466067	5.69236747175197	1.25289840281749e-08	3.07767532105433e-07
ENSG00000165118	C9orf64	365.673466271285	8.16908452983233	0.851738719776355	7.24293070937549	4.39091273611134e-13	1.70905455580897e-11
ENSG00000165194	PCDH19	155.515635777271	4.66984120545457	0.386397377764413	6.90957381983678	4.86111862777015e-12	1.69332369678691e-10
ENSG00000165215	CLDN3	20.0630944483171	6.00304541436921	0.952676554172067	4.20189349348278	2.6469166771269e-05	0.000447842096157562
ENSG00000165521	EML5	40.0564921049704	6.60153305086692	0.703337728203288	6.54242317218183	6.05299335842388e-11	1.92269507425338e-09
ENSG00000165671	NSD1	2876.38560993084	4.47540610958678	0.247742980120569	9.99183148754439	1.65495285538991e-23	1.36521260175224e-21
ENSG00000165891	E2F7	1928.52424207044	3.73011996461951	0.331797995102891	5.21437739273559	1.8443564195267e-07	3.99755212969571e-06
ENSG00000165959	CLMN	519.366563634461	4.12858864197802	0.256764997367403	8.29002653711496	1.132232046684e-16	5.84845469347892e-15
ENSG00000166394	CYB5R2	665.321341273489	3.93557321527149	0.298039950423484	6.49434148851936	8.33973852438073e-11	2.60907932967466e-09
ENSG00000166741	NNMT	1345.5744442704	4.90560722194182	0.293575414257722	9.89731115355275	4.27617252786983e-23	3.40880849445238e-21
ENSG00000166823	MESP1	53.6948779508151	4.26455152144081	0.439727656992771	5.149895589756	2.60631507232195e-07	5.5618159863797e-06
ENSG00000166897	ELFN2	277.920988208733	6.75899297075984	0.471760267281058	10.0877358709919	6.25966468244197e-24	5.32264103074719e-22
ENSG00000166922	SCG5	184.457330340275	4.37776325395425	0.489725620354114	4.85529683383713	1.20206542367256e-06	2.36434718741575e-05
ENSG00000167281	RBFOX3	36.9585897064222	8.6931605350334	1.25323697142671	5.34069827784746	9.25892469820289e-08	2.08589986984921e-06
ENSG00000167306	MYO5B	510.688498998967	3.31083739764629	0.386040233424507	3.39559787853727	0.000684788847215221	0.00938387097163271
ENSG00000167550	RHEBL1	47.5319942882385	4.00886741433483	0.522921515783399	3.84162317613822	0.000122223374723043	0.00188695137456496
ENSG00000167553	TUBA1C	4243.90197929384	3.82436482290959	0.23692557166328	7.70016005491544	1.35895904571237e-14	6.07355793448972e-13
ENSG00000167580	AQP2	6.61953733933391	7.36137142405654	1.51710002330447	3.53396041243127	0.000409382390290544	0.00585674668973901
ENSG00000167767	KRT80	1816.67927742394	5.53324912285128	0.365136916467965	9.67650479450017	3.79467506444706e-22	2.85997760198167e-20
ENSG00000168016	TRANK1	478.82834942552	4.26791236797313	0.360856903444448	6.28479695504084	3.28282464841608e-10	9.5831893477794e-09
ENSG00000168032	ENTPD3	37.5097537848421	4.86722914808471	0.557213812174975	5.14565340168623	2.66591244435872e-07	5.67438950448163e-06
ENSG00000168269	FOXI1	18.2073208656661	7.72479694996761	1.44939580451667	3.94978164841361	7.82225185409267e-05	0.00124280736964197
ENSG00000168621	GDNF	8.18937033891697	6.42788229797418	1.29490445484771	3.41946641808019	0.000627440766418386	0.00869139126815644
ENSG00000168672	LRATD2	3191.32719682734	8.52548527159043	0.28394681776517	22.9813643376949	7.16023591355975e-117	1.48404839603418e-113
ENSG00000169031	COL4A3	32.929592099605	4.99901798467565	0.6168626543481	4.86172726381857	1.16365880158349e-06	2.29971711430941e-05
ENSG00000169071	ROR2	31.1019915955778	5.16944077711579	0.768624067716513	4.12352528399456	3.73117481785445e-05	0.000615588155769598
ENSG00000169122	FAM110B	130.196155847203	3.81460257402924	0.441721041159083	4.10802838204784	3.99051075182837e-05	0.000655764705411954
ENSG00000169129	AFAP1L2	105.534306515511	3.81202522503001	0.448840655506913	4.03712364911226	5.41105525033719e-05	0.000875323971764302
ENSG00000169247	SH3TC2	113.690573931848	5.08041344747904	0.799198574819217	3.8543780538846	0.000116024195392932	0.00180130822454139
ENSG00000169302	STK32A	334.351274753959	4.11520836117348	0.608918319506054	3.47371444316096	0.00051330700323484	0.00724969626970774
ENSG00000169436	COL22A1	590.823987140392	9.98419101771385	0.75082128086608	10.6339434179383	2.07163448596894e-26	1.98553591976017e-24
ENSG00000169715	MT1E	112.404914059518	7.47131525202053	0.685909615152846	7.97672919456205	1.50262009327336e-15	7.18009906817454e-14
ENSG00000169908	TM4SF1	1537.37114281268	3.59834292281698	0.381706512638357	4.18736089088245	2.82216887708737e-05	0.000476036441006975
ENSG00000170006	TMEM154	1354.69896309493	3.89286440897135	0.363700246037013	5.20446282232845	1.94558568061896e-07	4.20596560239152e-06
ENSG00000170214	ADRA1B	204.548614066168	12.0518256770267	1.19539798246013	8.40876915012024	4.14335691198972e-17	2.23781762077204e-15
ENSG00000170430	MGMT	71.5624882722978	8.72753482228414	1.22465475517893	5.49341338351413	3.94238507672379e-08	9.19390815149891e-07
ENSG00000170542	SERPINB9	99.0703876945611	4.27475715896676	0.559338725610509	4.06686870551276	4.76490706093981e-05	0.000775337821172159
ENSG00000170689	HOXB9	1164.87697134263	14.6463075351808	1.23046508308324	10.2776646887795	8.8854442083317e-25	8.05079510482776e-23
ENSG00000170955	CAVIN3	655.744336360124	7.33368135247129	0.557281777961726	9.57088776880412	1.05991585490189e-21	7.81087324005698e-20
ENSG00000170989	S1PR1	137.704190970722	2.90821717192688	0.253594702567659	3.58137280759863	0.000341793525858721	0.00495824886462245
ENSG00000171435	KSR2	80.55822166194	5.99020760673977	0.547146285876288	7.2927619354104	3.03664403535108e-13	1.20744831535147e-11
ENSG00000171476	HOPX	43.843062487471	8.90405401852586	1.24115447564887	5.56260655219124	2.65774651531059e-08	6.28646147936732e-07
ENSG00000171587	DSCAM	132.926333038494	8.48768466439424	1.23315466647868	5.26104700468763	1.43237407332428e-07	3.14989317105967e-06
ENSG00000171873	ADRA1D	76.2807739177251	3.43547661166368	0.397325548682436	3.6128474909903	0.000302852845243552	0.00442822136418283
ENSG00000172005	MAL	56.2621846501133	6.63744636593738	1.21757986956219	3.80874099668294	0.000139676169873843	0.00214045339434213
ENSG00000172927	MYEOV	372.18646394015	6.76874942063882	0.474290365678931	10.054493545979	8.7771570510753e-24	7.38751477481622e-22
ENSG00000172986	GXYLT2	434.225351320815	3.58617002868129	0.261672997704093	6.0616496260534	1.34732466219875e-09	3.66830709752339e-08
ENSG00000173083	HPSE	192.47507595887	6.20709495829487	0.50673683096445	8.30232716711688	1.02091604699188e-16	5.34000283128465e-15
ENSG00000173156	RHOD	69.2037531906017	4.27299478044244	0.341739115616606	6.65125727952224	2.9059978208766e-11	9.50381654200294e-10
ENSG00000173705	SUSD5	100.29968806003	3.82573754202068	0.255181930205489	7.15465056851982	8.38863269308488e-13	3.16117997009183e-11
ENSG00000173838	MARCHF10	42.8150758197154	6.04984434511792	0.760399707293296	5.32594148350433	1.00431462140752e-07	2.25338846245712e-06
ENSG00000173917	HOXB2	843.529202494155	5.78453429361346	0.317240204594297	11.9295544474047	8.3016627704013e-33	1.08385724721279e-30
ENSG00000174125	TLR1	68.909113419251	5.07990184995734	0.604886047179696	5.09170589124596	3.5485625104046e-07	7.43852275411109e-06
ENSG00000174502	SLC26A9	53.9774939391246	6.65254979938469	1.17657540561504	3.95431502067869	7.67542269864525e-05	0.00122253778834041
ENSG00000174564	IL20RB	59.554987908506	4.71284007472307	0.658374484807715	4.1205121664388	3.78031102854336e-05	0.000622456178394017
ENSG00000174607	UGT8	559.323447065944	6.61175365090357	0.425610518989474	10.8356195280447	2.33380298006891e-27	2.28975072263447e-25
ENSG00000174672	BRSK2	300.182013491943	2.83777425736226	0.202497164528757	4.13721475711472	3.51547053488899e-05	0.000582317851538406
ENSG00000174749	FAM241A	185.920173978377	5.27440357604807	0.425956943374843	7.68717032783895	1.50424818467165e-14	6.66896768717663e-13
ENSG00000174808	BTC	28.07230187725	5.00636942976764	0.579576630473862	5.18718193883979	2.13500127803165e-07	4.5914988574634e-06
ENSG00000174837	ADGRE1	8.41059053190471	7.11782096401679	1.36067919797796	3.76122525546222	0.000169083074730148	0.00256033466858501
ENSG00000175426	PCSK1	387.878506596227	6.37517747722482	1.23185084702215	3.55171041023454	0.000382735843086546	0.00550402689871467
ENSG00000175445	LPL	266.302511485604	6.87590813047186	0.728720441818221	6.69105441629446	2.21568246247067e-11	7.33298022160205e-10
ENSG00000175544	CABP4	65.517379920593	6.88181621540139	1.20447974367127	4.05304965986521	5.05542658563235e-05	0.000820999296928207
ENSG00000175556	LONRF3	122.128949137632	5.47038863742282	0.543456689031475	6.38576855794635	1.70538764463052e-10	5.12946721256193e-09
ENSG00000175793	SFN	56.1066745949123	8.375155744178	1.1066700788225	5.76066513966042	8.37831121710362e-09	2.08903426001196e-07
ENSG00000175879	HOXD8	25.4793981023704	6.28793717021288	1.23370640686171	3.47565445584456	0.000509608440988584	0.00720359553284886
ENSG00000175920	DOK7	70.62548290355	5.5349896792031	0.698859202975635	5.05822870207855	4.23168741036619e-07	8.83697845734027e-06
ENSG00000176165	FOXG1	1232.80219781584	6.58634735667574	0.365054959787635	12.5634434862733	3.35410984207321e-36	5.29661859918247e-34
ENSG00000176399	DMRTA1	18.5646536670273	6.41890786851502	1.21455017703581	3.63830820007754	0.000274434894445309	0.00402690706619263
ENSG00000176463	SLCO3A1	1130.68397339639	8.81134957423822	0.597142570135527	11.4065717550372	3.87710496770166e-30	4.37321615438512e-28
ENSG00000176749	CDK5R1	198.571272669086	3.3395730247328	0.272100822639654	4.92307598241558	8.51943542361878e-07	1.71641262161632e-05
ENSG00000176971	FIBIN	232.710465812759	7.90507565412687	1.27774610239436	4.62147811921428	3.81015525494964e-06	7.08253187021524e-05
ENSG00000177570	SAMD12	31.4062764879418	7.12818702501192	1.21458239466218	4.22218125962403	2.41949410952195e-05	0.000411462890563932
ENSG00000178038	ALS2CL	120.041039080422	10.644757653553	1.21050806536989	7.14142920717461	9.23654428585524e-13	3.47281498421237e-11
ENSG00000178538	CA8	449.077916977772	10.9989981877646	1.18482808623378	7.59519316964353	3.07333624666045e-14	1.33400492947322e-12
ENSG00000178919	FOXE1	33.44098652066	8.47457064338683	1.27087201937473	5.09458902602349	3.4949857400459e-07	7.34478562176185e-06
ENSG00000179023	KLHDC7A	37.8760092031266	9.93446031325586	1.27234367893325	6.23609834719203	4.48619121529855e-10	1.28472429258835e-08
ENSG00000179083	FAM133A	17.6765005754119	8.72169813005278	1.25866730938456	5.34032947383008	9.27778115562487e-08	2.0873119313625e-06
ENSG00000179299	NSUN7	117.915673174743	6.59222366313635	0.553335891249935	8.29916102633961	1.04849176609904e-16	5.44985641808406e-15
ENSG00000179862	CITED4	130.578155206368	5.28691222974382	0.503454356176168	6.52871941502015	6.63343833885867e-11	2.10304093874982e-09
ENSG00000180287	PLD5	158.750398025072	8.5756410889663	0.797378628599289	8.24657302455844	1.63001543988329e-16	8.31608800267842e-15
ENSG00000180332	KCTD4	44.9276096436168	9.08035644405067	1.41332029634933	5.00973237442323	5.45057782638615e-07	1.1226836141529e-05
ENSG00000180543	TSPYL5	220.898120003759	9.35814382277946	1.24349156669453	5.91732507067899	3.27219577271845e-09	8.49081034545299e-08
ENSG00000180613	GSX2	7.1037548109988	7.21418206672749	1.35160748127632	3.85776354374996	0.000114429268086252	0.00177821152215384
ENSG00000180758	GPR157	186.898215642297	3.19456126674088	0.265795016154806	4.49429520546439	6.98007415496796e-06	0.000126212224169601
ENSG00000180806	HOXC9	40.208875430135	6.47072497263237	1.20752482616708	3.70238762446263	0.000213579970808396	0.00318755130150677
ENSG00000180818	HOXC10	92.5082340111397	9.7786289125051	1.24199838751054	6.2629943732025	3.77654252007137e-10	1.09092075828055e-08
ENSG00000181481	RNF135	131.129964746478	5.37567866022453	0.403760342225924	8.36059985885307	6.24001542980474e-17	3.31620820005104e-15
ENSG00000182240	BACE2	859.712774120134	5.6250187987314	0.312475119097567	11.6009838133689	4.07367994713821e-31	4.93034213164223e-29
ENSG00000182742	HOXB4	530.489279000426	5.03957933683698	0.571093971185432	5.32238036155007	1.02418141421324e-07	2.2916504794632e-06
ENSG00000182752	PAPPA	1808.83663961848	3.18953672406689	0.227780188502388	5.22230107845582	1.76713343066385e-07	3.84021486419886e-06
ENSG00000182901	RGS7	48.4974912201595	6.74774349952303	0.771056710470365	6.15745046382747	7.39253552009823e-10	2.08108033036925e-08
ENSG00000182902	SLC25A18	585.84189419735	3.5905692164467	0.365385550573916	4.35312566123201	1.34210169191239e-05	0.000236486590367688
ENSG00000183072	NKX2-5	194.638130425908	10.8257108879257	1.19983530796648	7.35576860367931	1.89831615989617e-13	7.69583869125633e-12
ENSG00000183196	CHST6	412.434211987118	4.50363402977526	0.325451580697872	7.69280033732415	1.43949061189819e-14	6.39897958066591e-13
ENSG00000183421	RIPK4	80.0821198111055	10.1138048796375	1.35985950826581	5.96664937099627	2.4217504068243e-09	6.38394968132809e-08
ENSG00000183486	MX2	89.3425984302817	4.95656433559397	0.84694805758744	3.49084493329596	0.000481495626804695	0.00683534159935671
ENSG00000183691	NOG	116.162180698927	7.73236508165755	1.00391945815586	5.70998503424527	1.12986108488797e-08	2.7836889522329e-07
ENSG00000184216	IRAK1	6002.82352989277	3.26278853912523	0.202736488168426	6.22871862156435	4.70265519325872e-10	1.34207789603137e-08
ENSG00000184307	ZDHHC23	134.354413593164	5.14005847111001	0.472960572994852	6.63915482685316	3.15486875742615e-11	1.02771864178552e-09
ENSG00000184371	CSF1	2722.48392081987	3.76857272434893	0.247114752699036	7.15688846996074	8.25287858824864e-13	3.11710660300115e-11
ENSG00000184719	RNLS	74.3776374061041	4.87549781127672	0.558606969807848	5.14762250865908	2.63808709585411e-07	5.62238073732095e-06
ENSG00000185008	ROBO2	171.388032174782	5.09663148835963	0.547575572527157	5.65516732981373	1.5569451489383e-08	3.79085279215066e-07
ENSG00000185215	TNFAIP2	1626.69713245766	8.19543348146431	0.874449345467912	7.08495410691762	1.39090387968986e-12	5.15941325036633e-11
ENSG00000185436	IFNLR1	45.5342876950205	8.1505260922968	1.05461432209671	5.83201457009306	5.47621358019273e-09	1.39052216497972e-07
ENSG00000185437	SH3BGR	24.3822135947728	6.04488893820603	1.04971379651213	3.85332549847962	0.000116524318366273	0.00180738047037527
ENSG00000185483	ROR1	305.284950393604	3.47802807458294	0.305752408716937	4.83406845684504	1.33770550953022e-06	2.62491065722137e-05
ENSG00000185634	SHC4	493.915231460441	5.15720183547465	0.508205955443832	6.21244556789454	5.21662537783469e-10	1.48365120737353e-08
ENSG00000185774	KCNIP4	91.4812852468349	3.52265684354969	0.353906318760898	4.30242909728438	1.68935739689111e-05	0.000294235661742137
ENSG00000185985	SLITRK2	128.198731559518	3.9129494130011	0.465353066231073	4.11074848715237	3.94378605439365e-05	0.000648729331030766
ENSG00000186007	LEMD1	165.447709472366	5.28143425848754	0.516695425524651	6.35080958023885	2.14184703898336e-10	6.36585871874089e-09
ENSG00000186088	GSAP	560.649916731567	3.39364199820904	0.29944848526562	4.65402921298076	3.25510654887414e-06	6.10553412747536e-05
ENSG00000186205	MTARC1	74.3554036390902	9.00920861083718	1.20178826658119	5.83231572960581	5.46633583536313e-09	1.39014286021712e-07
ENSG00000186867	QRFPR	180.748678617284	4.38807811273457	0.403393948249268	5.91996514350015	3.22009858775149e-09	8.36872330462499e-08
ENSG00000187098	MITF	238.381083713861	3.7289442263522	0.507647775172453	3.40579494466386	0.00065971709757858	0.00907028954805177
ENSG00000187140	FOXD3	17.983447711626	8.05098527069253	1.27447038282256	4.74784298815282	2.05597541613886e-06	3.93196405709325e-05
ENSG00000187908	DMBT1	35.9002752595763	6.26958115114003	0.940491833486057	4.53973229657324	5.6325695284669e-06	0.000102969829494498
ENSG00000188282	RUFY4	8.95437447117367	7.12937867569942	1.30171487217948	3.94047789214486	8.13194452000791e-05	0.0012866008786856
ENSG00000188487	INSC	7.56991648737043	7.64104018317313	1.5077077463377	3.74146793161706	0.000182948524977252	0.00275269463942633
ENSG00000188677	PARVB	489.666267756816	5.68236372464119	0.363293961713082	10.1360443957761	3.82266527710965e-24	3.31851376752645e-22
ENSG00000188906	LRRK2	100.479089339877	7.40252981541023	1.03241225082502	5.23291912808372	1.66853753591419e-07	3.63071140196762e-06
ENSG00000189127	ANKRD34B	61.8992634018659	6.31881664399221	0.633676312857766	6.81549326739881	9.39408736068984e-12	3.2050074594156e-10
ENSG00000189143	CLDN4	216.414619490334	6.37463303259513	0.374932839749648	11.6677777159135	1.86224327047133e-31	2.30431758714068e-29
ENSG00000189221	MAOA	102.896120468277	4.3609910821226	0.327571189529054	7.20756634769062	5.69606885593763e-13	2.19643064419307e-11
ENSG00000189431	RASSF10	18.4800342059323	7.45804655276743	1.26813408442729	4.30399799184671	1.67743183952707e-05	0.000292773656117877
ENSG00000196083	IL1RAP	1200.68446978783	2.72966289316581	0.213370201059417	3.41970382716482	0.000626893482620156	0.00869107093254583
ENSG00000196196	HRCT1	130.189925624692	5.22523872834846	0.36558955313378	8.82202103616523	1.1241212745335e-18	6.90335364927408e-17
ENSG00000196371	FUT4	60.9942614644368	5.66263150787161	0.745950361986253	4.91002041760401	9.10669106249541e-07	1.82585301701616e-05
ENSG00000196878	LAMB3	365.915733071692	5.503121591905	0.366113543385563	9.56840208507604	1.08570657313298e-21	7.96553127837079e-20
ENSG00000197162	ZNF785	222.756512252928	7.23121104681649	0.849678903105434	6.15669169576565	7.42802510213601e-10	2.08752685116131e-08
ENSG00000197444	OGDHL	533.795307490966	4.32656117872559	0.314216724531961	7.40432000298869	1.31824195721732e-13	5.45081543456869e-12
ENSG00000197594	ENPP1	239.176677093901	6.10768176724377	0.518666702701955	7.91969437375701	2.38095090442778e-15	1.1247449272455e-13
ENSG00000197757	HOXC6	55.29830892466	6.01437434366246	0.805799975766712	4.98184967037609	6.29793545020674e-07	1.28445347724327e-05
ENSG00000197816	CCDC180	60.6696364069708	4.67653942462659	0.729434528767959	3.66933469566811	0.000243182525527942	0.00360295018813221
ENSG00000197915	HRNR	16.3964032764218	5.03819047871039	0.679401052708916	4.47186601580388	7.75400058672273e-06	0.000139749004052663
ENSG00000197956	S100A6	13363.6363000428	11.0560829563194	0.346002159889595	26.173486775947	5.32627055786226e-151	2.94382973733047e-147
ENSG00000198074	AKR1B10	81.3019977855981	6.66336030383377	1.20215845260915	3.87915610767655	0.00010481947332651	0.00164118195205558
ENSG00000198353	HOXC4	116.461901325278	8.58032098033802	1.19598349412713	5.50201655177573	3.75471694948986e-08	8.76858616049175e-07
ENSG00000198542	ITGBL1	458.025152543835	4.41833860524635	0.438602349876331	5.51373836899923	3.51290699529087e-08	8.22704956058163e-07
ENSG00000198626	RYR2	81.2700803728419	7.39346612916726	0.733480479612388	7.35325108040703	1.93443075056563e-13	7.82312104271434e-12
ENSG00000198680	TUSC1	47.2989206511571	5.89440375754063	0.517898534398828	7.51962691313892	5.49327716475191e-14	2.33548791458337e-12
ENSG00000198729	PPP1R14C	40.6084154270607	9.0573703736098	1.2113098824261	5.8262303280105	5.66933585429224e-09	1.43735868195749e-07
ENSG00000198805	PNP	1075.00041979259	3.50902591931032	0.442069992776485	3.4135452393696	0.000641235115395988	0.00884552366753817
ENSG00000198885	ITPRIPL1	110.79110845363	3.559284321986	0.380731742205594	4.09549335958439	4.21270302761199e-05	0.000691592365354796
ENSG00000203797	DDO	145.235872035018	5.10927402435881	0.401030586536711	7.7532091784081	8.95988439436997e-15	4.08142426217166e-13
ENSG00000204538	PSORS1C2	5.75896038770889	7.00693960575825	1.40362799391806	3.56714145589387	0.000360896683986381	0.00521256787210642
ENSG00000204540	PSORS1C1	72.9892851949224	6.68950028057342	0.693428130897825	6.7627776717129	1.35370893381602e-11	4.55291031067006e-10
ENSG00000204542	C6orf15	1260.43910385461	6.13154246362656	0.350990195836742	11.7711050412026	5.49993093112609e-32	7.01495036684629e-30
ENSG00000204634	TBC1D8	530.210973850998	2.93771441326559	0.229392454025467	4.08781717449817	4.35451102877172e-05	0.00071275565022768
ENSG00000204936	CD177	4.65836098359726	6.80921165727432	1.38602844084085	3.46977848041615	0.000520887773612224	0.00734425184886419
ENSG00000205517	RGL3	59.0555530876552	4.53550143940695	0.557901707212597	4.54470994913224	5.50109521280898e-06	0.000100677328613229
ENSG00000211445	GPX3	262.136203572641	5.78301235257681	0.341858199864568	11.0660278269631	1.8334871282346e-28	1.93637261613108e-26
ENSG00000214575	CPEB1	36.3704221844054	5.74741600557378	0.896143087175602	4.18171613350788	2.8931704455645e-05	0.000486527983345892
ENSG00000215845	TSTD1	31.3877508990465	9.43332186264806	1.21159217285195	6.13516827626151	8.50690988871806e-10	2.37063988008125e-08
ENSG00000215915	ATAD3C	30.0038152260648	5.5179295317707	0.704099013276413	4.9963562871656	5.84236772720668e-07	1.19891459510908e-05
ENSG00000221887	HMSD	86.2187060851131	5.23682862508795	0.454274992885995	7.12526261796732	1.03882424475694e-12	3.88820424431485e-11
ENSG00000221994	ZNF630	83.4782434136593	3.16827317614992	0.318548620524485	3.66748778954491	0.000244945243724846	0.00362304824817277
ENSG00000227234	SPANXB1	8.85894280960252	6.50554730130876	1.31211858644877	3.43379580766626	0.000595192377788652	0.00829894252758918
ENSG00000228672	PROB1	110.33345944752	3.049619507863	0.295231815032488	3.5552384750522	0.000377636411093289	0.0054401297413882
ENSG00000234602	MCIDAS	17.3717481682128	6.64959749293293	1.23838668479091	3.75456030821098	0.000173646033073134	0.00261985884839458
ENSG00000235750	KIAA0040	123.00111116523	8.27536375884844	0.946239526437932	6.63189772094145	3.31398193259655e-11	1.07322528172624e-09
ENSG00000250305	TRMT9B	22.5766312453223	4.96477319580106	0.656174920455787	4.51826655267728	6.23479640225899e-06	0.000113230185263808
ENSG00000250479	CHCHD10	326.990783071023	3.74018162741803	0.289528824857181	6.01039163639901	1.85075683669735e-09	4.94161016252477e-08
ENSG00000251493	FOXD1	724.146849513243	3.98230810139456	0.25389920013544	7.80746099372157	5.83515266034311e-15	2.6875740628097e-13
ENSG00000253293	HOXA10	97.9808899806972	8.24225525073186	1.19158919620227	5.23859671657533	1.61802175176678e-07	3.52541638187187e-06
ENSG00000253304	TMEM200B	143.146752270454	2.85046484010794	0.22140616054252	3.84119772468849	0.000122435440765171	0.00188846701704865
ENSG00000256618	MTRNR2L1	174.177172302589	8.31613597744846	0.560669748905095	11.265341120656	1.94596886882085e-29	2.13682846449791e-27
ENSG00000259207	ITGB3	273.683116447893	4.04768805067129	0.529119543902968	3.86999133611063	0.000108839221100515	0.00169770754945215
ENSG00000260027	HOXB7	235.201286818425	10.2337175485296	1.0486007007818	7.85209998657335	4.09128103680369e-15	1.9109163625702e-13
ENSG00000272398	CD24	157.766398479191	9.76944634893932	1.08808764308622	7.14046005237434	9.30190626840104e-13	3.48947755285877e-11
ENSG00000276600	RAB7B	313.530007958058	3.56161921972912	0.357340328056608	4.37011749617506	1.24179700122196e-05	0.000219512111697882
