EnsembleGeneName	external_gene_name	baseMean	log2FoldChange	lfcSE	stat	pvalue	padj
ENSG00000003096	KLHL13	658.101124514434	6.3663737444465	0.281712317080563	15.4994065921435	3.5011076202571e-54	2.52399415006448e-51
ENSG00000005020	SKAP2	949.945983739718	3.35898986631782	0.173864116562158	7.81639071471063	5.43594695168037e-15	3.45338836803878e-13
ENSG00000005471	ABCB4	211.938365473116	4.08094558000929	0.397530942462402	5.23467573899886	1.65274754519957e-07	4.71673098914873e-06
ENSG00000006606	CCL26	72.1079955845028	4.73281604618742	0.796260378529282	3.43206332988089	0.000599007662123616	0.00980468513886641
ENSG00000007171	NOS2	670.187200551306	4.6944177439147	0.538096905460474	5.00730949494863	5.51961367475728e-07	1.45966051580782e-05
ENSG00000007174	DNAH9	722.926186639913	9.74330339979191	0.939999559831546	8.23756066564495	1.75757208580349e-16	1.30099565869231e-14
ENSG00000007237	GAS7	1437.57119561923	8.03324294589054	0.659506319870955	9.14811998628166	5.79329305558952e-20	5.61746152951636e-18
ENSG00000012504	NR1H4	58.9435954688875	6.71647706895245	1.33376924272585	3.53620170406185	0.000405924635033113	0.00686099528387773
ENSG00000012817	KDM5D	68.5701546490637	10.8495924310015	1.21022806788966	7.31233448124619	2.62540582483596e-13	1.43196888097385e-11
ENSG00000013293	SLC7A14	167.651496016571	4.46197794732077	0.449728453878769	5.47436553343905	4.39081898049144e-08	1.35323735158975e-06
ENSG00000013297	CLDN11	1412.04929546774	2.87705399374663	0.232179005521402	3.77749052623013	0.000158416529079438	0.00290886430638556
ENSG00000014257	ACP3	83.2296860561302	9.06954796507664	1.2554178105927	5.63123121675243	1.78927657862616e-08	5.79453026371101e-07
ENSG00000016391	CHDH	382.286721223358	4.097424682516	0.292076382717257	7.18108278048073	6.91614579482488e-13	3.59487816376149e-11
ENSG00000017427	IGF1	83.6488911903925	4.0007850985114	0.306194451016596	6.53436106326745	6.3881664766905e-11	2.60892089532032e-09
ENSG00000018236	CNTN1	979.813646293778	7.8141408814705	0.944520722981974	6.15565200424032	7.47692422087954e-10	2.78595237093042e-08
ENSG00000019582	CD74	403.822460675952	4.79575723432223	0.418300418414414	6.68361089601504	2.33125293156351e-11	9.8860626235945e-10
ENSG00000023445	BIRC3	301.007599269438	5.27834462288712	0.47137488286578	6.95485640421915	3.52921328321418e-12	1.66243992752768e-10
ENSG00000034053	APBA2	672.284736129243	7.74335439400541	0.369333657365937	15.5505848965042	1.57659382727633e-54	1.18825010227586e-51
ENSG00000035664	DAPK2	116.729267434965	4.80930365043829	0.460464982490652	6.1010147508781	1.05397179949288e-09	3.80738701686087e-08
ENSG00000037965	HOXC8	53.6931537155845	4.76792017292366	0.672962315392784	4.11303888733819	3.90484577021584e-05	0.00078862664696649
ENSG00000042062	RIPOR3	460.413950793103	4.57912755086178	0.31495195174303	8.18895560604781	2.63502705672846e-16	1.90792068242858e-14
ENSG00000046774	MAGEC2	213.637793117594	11.5551412577924	1.20009948382483	7.96195764316082	1.69338449286122e-15	1.13273730815647e-13
ENSG00000047936	ROS1	7.33133795496986	6.90803579977351	1.28373154027002	3.82325715759945	0.000131700297023462	0.00246191953206992
ENSG00000049249	TNFRSF9	32.3671077081606	5.10886078880967	0.753080736623245	4.12819056127974	3.65629052832949e-05	0.000742043491434899
ENSG00000050327	ARHGEF5	9.96233357187472	8.05274456131313	1.42578965515578	4.24518759792224	2.18410612519712e-05	0.000458413464074601
ENSG00000050344	NFE2L3	965.601650784913	3.66474028365825	0.235709924594078	7.06266520820088	1.63338935861468e-12	8.23198448486016e-11
ENSG00000053747	LAMA3	361.352367922755	9.97582941750752	1.18878057489583	6.70925281413384	1.9562349055534e-11	8.3814808705377e-10
ENSG00000054219	LY75	133.316068579963	8.05740839907597	0.804163080419261	7.53256217124251	4.97542227028779e-14	2.95689880514846e-12
ENSG00000054690	PLEKHH1	145.629635585071	4.19065444095065	0.468204016991826	4.67884589078374	2.88494169227327e-06	6.81413364666426e-05
ENSG00000055118	KCNH2	411.817814295111	4.98795173776204	0.338460114661057	8.82807636212691	1.06491344937096e-18	9.29333152843155e-17
ENSG00000056558	TRAF1	276.001962757953	6.9777032935873	0.450927657280071	11.0388068090835	2.4830853365264e-28	4.28875395468169e-26
ENSG00000058866	DGKG	187.148569685752	4.50771536142573	0.507104314917152	4.94516668002603	7.60787409503367e-07	1.95575442433726e-05
ENSG00000064042	LIMCH1	1528.32983237092	2.75100594767303	0.196712554282982	3.81778351875127	0.000134656000556759	0.00251150859981059
ENSG00000064886	CHI3L2	275.684594359956	7.55758805119749	1.00831293249032	5.51176908687608	3.55244792694563e-08	1.10512456053819e-06
ENSG00000065534	MYLK	2973.65207419167	3.39580441449364	0.219850369012632	6.34888365556232	2.16882973635988e-10	8.34370437554133e-09
ENSG00000066032	CTNNA2	80.3723511369459	6.37369483881956	0.488779559184012	8.94819506388765	3.61342083355985e-19	3.29198521105801e-17
ENSG00000067048	DDX3Y	195.512501189614	10.5000113046922	1.05471432277122	8.05906501995603	7.68802001895096e-16	5.37869451199265e-14
ENSG00000067646	ZFY	27.7638770261532	9.53606522313975	1.2269536420897	6.14209450513929	8.14403768515345e-10	3.00748972956635e-08
ENSG00000069011	PITX1	928.289978114419	7.45347570037069	0.666342276416803	8.18419586056624	2.74127925880514e-16	1.97622397348905e-14
ENSG00000069535	MAOB	164.362901328435	9.44188780061068	1.21939047097377	6.1029571558549	1.04123760599247e-09	3.77784699014468e-08
ENSG00000070731	ST6GALNAC2	37.6865346048743	7.34910798653731	1.08582952830831	4.92628708934731	8.38068373959531e-07	2.13784795517277e-05
ENSG00000073282	TP63	59.7672518165138	4.80459296960053	0.418375289764951	6.70353397586217	2.03438365829311e-11	8.69384418509228e-10
ENSG00000073350	LLGL2	62.9579371931926	3.13723022683603	0.330296698903114	3.44305659309545	0.000575178936803036	0.00943327591605453
ENSG00000073464	CLCN4	234.74498224484	2.96121781058688	0.204754283947127	4.69449425944654	2.6726711563667e-06	6.33079434910233e-05
ENSG00000073849	ST6GAL1	299.441598801487	4.25286291094922	0.354318090015908	6.35830620685517	2.03990525411184e-10	7.88230918464196e-09
ENSG00000074706	IPCEF1	65.6597449641656	6.44516409226777	1.28192311840131	3.46757463724607	0.000525177874955334	0.00871669103567006
ENSG00000075340	ADD2	995.712049406286	10.3168529592572	1.03429536448824	8.04108115032723	8.90492579437645e-16	6.20388968893092e-14
ENSG00000076554	TPD52	695.404092622667	6.91672791847755	0.420772390481063	11.6850060263135	1.52068778898311e-31	3.27461353625052e-29
ENSG00000078328	RBFOX1	10.7050569104327	8.1675131109568	1.37988751526389	4.46957671747421	7.83745445027823e-06	0.000176087848563771
ENSG00000078399	HOXA9	19.3404386270677	6.4534148362032	1.23460320698137	3.60716286092588	0.000309563372292443	0.00534789336598922
ENSG00000081041	CXCL2	49.8973240451086	8.00645605536134	1.35312385696417	4.43895510706407	9.0396667665598e-06	0.000201460637978936
ENSG00000081052	COL4A4	26.1602357720939	5.01064953789782	0.716695561799664	4.20073696331801	2.66047545974811e-05	0.000551416794976042
ENSG00000082293	COL19A1	52.3580988010659	7.93987071980882	1.25677954320963	4.72626305218118	2.28689361006182e-06	5.4955047751355e-05
ENSG00000082397	EPB41L3	321.346636680848	10.6376372974268	0.852105129554348	10.1368211478135	3.79240049709324e-24	4.87455756917077e-22
ENSG00000082482	KCNK2	160.298373837494	4.60606539836239	0.677663533169761	3.84566273792624	0.00012022703788847	0.00226532331275991
ENSG00000085563	ABCB1	22.2194976840179	5.6573732557089	0.737348977308354	4.96016590279939	7.04330005562214e-07	1.82476497222298e-05
ENSG00000086300	SNX10	92.9872509559435	9.50831564102052	1.21316865181846	6.18901224472461	6.05423808749774e-10	2.27116112508597e-08
ENSG00000087250	MT3	24.8987235776742	4.91747442327613	0.711834691471224	4.09852801251688	4.15785923820901e-05	0.000834642421655492
ENSG00000087258	GNAO1	99.9551619695082	6.10647772934954	0.552504548325849	7.43247769053238	1.06582082919237e-13	6.05218327699956e-12
ENSG00000089041	P2RX7	253.036242671828	5.78162714398757	0.38908143823094	9.71937176232748	2.49314935772041e-22	2.79316956083528e-20
ENSG00000089199	CHGB	78.683945885897	4.83785328263816	0.370903797198859	7.65118422639565	1.99136804355781e-14	1.21392917390559e-12
ENSG00000090376	IRAK3	23.7520635933634	3.96389933271056	0.511770558705742	3.83746055591244	0.000124313194257777	0.00233700348524739
ENSG00000091428	RAPGEF4	62.9621124859763	4.67121050117575	0.460385964587916	5.80211106906074	6.54851587667294e-09	2.20491203417139e-07
ENSG00000091490	SEL1L3	2822.01180702006	3.44535933541687	0.215082707654068	6.72001645869893	1.81704036308166e-11	7.82554448318363e-10
ENSG00000092068	SLC7A8	146.901685516563	4.36235723567069	0.475606037069676	4.96704636094559	6.79803407723054e-07	1.76397813825602e-05
ENSG00000095637	SORBS1	623.087064426151	4.28389352318953	0.307044717370774	7.43830912561051	1.01982193627002e-13	5.83091983630802e-12
ENSG00000095739	BAMBI	277.93931331282	2.89857743474551	0.242096634761174	3.71164777086614	0.000205914398264837	0.00366731110379084
ENSG00000099139	PCSK5	484.156712454818	3.11761300416044	0.267313485130528	4.18090768452893	2.90347733154029e-05	0.000599533718982186
ENSG00000100095	SEZ6L	40.5764810038609	5.95781373734507	1.1487599021495	3.44529238001727	0.000570442000873915	0.00936485031335681
ENSG00000100314	CABP7	124.116155916902	8.1796456452251	0.635645983758379	9.72183542903356	2.43354742653895e-22	2.74494216866955e-20
ENSG00000100427	MLC1	941.82349562723	11.6314373691337	0.925050003181727	10.4118018874722	2.19035968195834e-25	3.13089257642682e-23
ENSG00000100433	KCNK10	9.33200979320469	6.91411037373547	1.30567394699284	3.76365813613223	0.000167445756906022	0.00304431808690653
ENSG00000101160	CTSZ	1148.21434696323	3.78674157470637	0.504160103978915	3.5439963626735	0.000394110682593094	0.00668858672269814
ENSG00000101400	SNTA1	503.704946593301	2.81575166600753	0.163108846219497	5.00127175757078	5.69533648590533e-07	1.49895832179042e-05
ENSG00000101680	LAMA1	50.1812233716224	3.76058558645244	0.359078314077426	4.90306854362922	9.43510428880277e-07	2.39576514873872e-05
ENSG00000101938	CHRDL1	19.7076068082281	6.73665046653454	1.10066977184439	4.30342559385214	1.68177345287732e-05	0.000361478008822199
ENSG00000102048	ASB9	109.126611237268	6.00574341705579	0.729938882565442	5.48777920005742	4.07018377470355e-08	1.26145265735252e-06
ENSG00000102271	KLHL4	1608.19634423625	3.93078708345787	0.371106667921835	5.20278197713371	1.9632714634628e-07	5.5551201596718e-06
ENSG00000102466	FGF14	36.7540215822813	6.12072456036044	0.962166068938758	4.28275813644674	1.84590788279671e-05	0.000393406151730749
ENSG00000103241	FOXF1	115.366732499868	6.5203837269785	0.623507366607345	7.24992833937953	4.16992194193017e-13	2.22319857617827e-11
ENSG00000103740	ACSBG1	76.3990518777291	5.361409938317	0.76478012540066	4.39526319614542	1.10638617275957e-05	0.000244926423638537
ENSG00000104313	EYA1	226.412893989069	3.80936653690576	0.386592927719672	4.68028876673546	2.86471133854196e-06	6.77600266824026e-05
ENSG00000104332	SFRP1	1042.57815703435	4.54437306235584	0.375966448931859	6.76755351331093	1.30978213095192e-11	5.8068175169288e-10
ENSG00000104369	JPH1	443.314456100459	8.54446703467497	1.03501139541457	6.32308693765986	2.56388953359639e-10	9.79535768584372e-09
ENSG00000104415	CCN4	16.3603355282266	8.19474074446678	1.24058100158822	4.99341900007829	5.93196707288939e-07	1.55383801004074e-05
ENSG00000104611	SH2D4A	360.108362743859	8.76434629877585	0.856610869760787	7.89663841256746	2.86526040786281e-15	1.8704284575895e-13
ENSG00000105699	LSR	226.285395878367	6.63328081415904	0.313039986972571	14.8009232269902	1.44485736888692e-49	7.98572667783801e-47
ENSG00000105976	MET	3759.23453724401	3.11031120741184	0.228365928271735	4.86198276518147	1.16215743666382e-06	2.89770412892071e-05
ENSG00000105991	HOXA1	31.2951983312135	8.03233295704604	1.21298738923799	4.97312091664498	6.58835379564294e-07	1.71763355794899e-05
ENSG00000105996	HOXA2	123.417716314294	10.0175075204582	1.19255205005529	6.72298330298159	1.78040992978289e-11	7.6877544389922e-10
ENSG00000105997	HOXA3	322.287780261633	11.0705981451486	1.18441438534965	7.65829785364422	1.88413510492066e-14	1.15279867803282e-12
ENSG00000106004	HOXA5	105.291064420291	10.3875344091578	1.19051733301346	7.04528542052144	1.85081727471314e-12	9.24349434699353e-11
ENSG00000106006	HOXA6	32.4170849513534	8.1255388632675	1.21776149036234	5.03016305881448	4.90062884552069e-07	1.31484347714528e-05
ENSG00000106714	CNTNAP3	295.536117282201	3.5413857128308	0.301009301618539	5.12072452426786	3.04363992674955e-07	8.35539629560171e-06
ENSG00000106772	PRUNE2	2786.34071663615	2.89441367925631	0.245385163171962	3.6449378914956	0.000267456384372465	0.00466319065118805
ENSG00000106991	ENG	1029.82398566327	3.36100547013877	0.155202772396816	8.76920849492954	1.79926597515889e-18	1.53781593474792e-16
ENSG00000107562	CXCL12	625.713301021092	12.5166956177894	1.21130032893979	8.68215368767737	3.88344187899077e-18	3.25208837351242e-16
ENSG00000107742	SPOCK2	268.334229740856	3.6701540917956	0.433311000959593	3.85440039162852	0.000116013603556181	0.00219341112949263
ENSG00000107984	DKK1	2100.26543686323	4.17134621627542	0.475561095279921	4.56586175325663	4.97446534501266e-06	0.000114557791507854
ENSG00000108381	ASPA	13.4385865020194	7.40149569236669	1.2781299342324	4.22609278422904	2.37783978128441e-05	0.000495936621553167
ENSG00000108387	SEPTIN4	391.188306330878	3.17228198691228	0.28719845963541	4.08178368505338	4.46913834673222e-05	0.000891730239797436
ENSG00000108511	HOXB6	297.168619171386	10.738523518836	1.19238267191335	7.3286233729091	2.32528843550543e-13	1.27246229535035e-11
ENSG00000108691	CCL2	4891.85954412041	7.68642479456191	0.406415490297658	13.9916536901612	1.75288109809513e-44	7.4524414070552e-42
ENSG00000108846	ABCC3	1543.36685437261	3.18153481355361	0.297737333377649	3.96837978008945	7.23629470376876e-05	0.00141325091264063
ENSG00000108924	HLF	27.8826503668364	5.92986147259578	1.023659444007	3.83903210740944	0.000123520278873015	0.00232473296707544
ENSG00000109743	BST1	279.938574654551	4.3310385432948	0.367849829436576	6.33692979242422	2.34388729030768e-10	8.99629517606286e-09
ENSG00000109846	CRYAB	251.258361132687	4.8831630356953	0.647676696100806	4.45154666371778	8.52540011951133e-06	0.000191081103359548
ENSG00000109854	HTATIP2	389.771930217693	2.84849871074215	0.203574124673806	4.16800864108702	3.07272288960889e-05	0.000630420670587101
ENSG00000110675	ELMOD1	211.168428068844	12.1006098729195	1.29918561198558	7.7745702998377	7.57039397739522e-15	4.75472358102993e-13
ENSG00000110719	TCIRG1	728.493930819786	3.82766519953756	0.258605412253662	7.0673895940926	1.57875260791529e-12	7.98088322922055e-11
ENSG00000111058	ACSS3	704.689766749564	4.97267788147531	0.253495711141027	11.7267383660843	9.29725814335203e-32	2.08321401722865e-29
ENSG00000111846	GCNT2	232.02764582568	4.84405478080264	0.322247256754556	8.82569120819189	1.08785807059527e-18	9.44386108300534e-17
ENSG00000112183	RBM24	54.944852835122	4.60597877502115	0.494579278207977	5.26908200534293	1.3710770589006e-07	3.96059733686949e-06
ENSG00000112303	VNN2	10.1016518573103	6.16215424630807	1.14822103124561	3.62487198287327	0.000289104623879366	0.00502478382446936
ENSG00000112343	TRIM38	435.508920717692	2.622590109871	0.143362641149929	4.34276395075545	1.40701284873594e-05	0.000305762516971044
ENSG00000113205	PCDHB3	49.0348511740667	3.62158578287969	0.371581583235697	4.36401010178996	1.27699676308036e-05	0.00027933883019308
ENSG00000113361	CDH6	1182.6363174293	6.20851703429872	0.326387918032948	12.8942182040999	4.85158203818888e-38	1.38696692715879e-35
ENSG00000113389	NPR3	87.5175440357431	4.13014970450625	0.396902063279463	5.36694036535251	8.00835204063419e-08	2.37118723545992e-06
ENSG00000113578	FGF1	134.846961760205	4.26749611893761	0.547043667119029	4.14500021703794	3.39813388314625e-05	0.000693897264980887
ENSG00000114279	FGF12	268.348790112923	6.35304382624789	0.397836889808534	10.9417802565842	7.27570074267597e-28	1.23100402055419e-25
ENSG00000114374	USP9Y	123.689414822261	9.2508783077678	0.856300790953457	8.46767676074926	2.50335859778299e-17	2.00522651738356e-15
ENSG00000114812	VIPR1	171.562447433126	4.9873102092017	0.612900697136863	4.87405255558817	1.09331883391947e-06	2.73428651360766e-05
ENSG00000115008	IL1A	59.5455258377278	4.4702906515193	0.609294547401989	4.05434557399625	5.02748490939309e-05	0.00100072901899936
ENSG00000115041	KCNIP3	177.714791564949	4.38099801027151	0.34761434640397	6.84953896438009	7.40883681327869e-12	3.39353379008215e-10
ENSG00000115353	TACR1	41.2677205499879	7.35328748901643	1.29699829461491	4.12744373777752	3.66818139831864e-05	0.000743546647500262
ENSG00000115380	EFEMP1	1778.76579830366	7.43748825549403	0.447423800707026	12.152881109368	5.53790373958401e-34	1.41267664470835e-31
ENSG00000115756	HPCAL1	1673.88104779062	3.3903752539504	0.168323186113267	8.26015290023559	1.45485984782581e-16	1.08662302418017e-14
ENSG00000116329	OPRD1	213.069580172732	6.72167382841945	0.610189921974832	7.73803967974122	1.00961341882084e-14	6.24641794681657e-13
ENSG00000116711	PLA2G4A	154.349669768531	3.8163818361541	0.431732002173152	4.20719758324892	2.58557066005269e-05	0.000537234926244783
ENSG00000116985	BMP8B	37.086789989123	4.91314477198576	0.661001374447895	4.4071690084139	1.04730467981575e-05	0.000232467990575969
ENSG00000117115	PADI2	125.954350417358	7.49025526671822	1.26066740465321	4.35503864576281	1.33043444210662e-05	0.000289880860506831
ENSG00000117266	CDK18	148.971980946879	3.64844586358121	0.448834213647575	3.67272773210549	0.000239975127422855	0.00421954145047547
ENSG00000117280	RAB29	636.672766364192	2.81117752977871	0.217276247042733	3.73339258579505	0.000188917781522749	0.00340483232111815
ENSG00000117586	TNFSF4	282.844162055169	4.15385445352284	0.410510343159132	5.2467726804338	1.54786687972861e-07	4.42503116082415e-06
ENSG00000117600	PLPPR4	145.048175261309	8.55456360353203	0.936564050968815	6.99852145376684	2.58677756007757e-12	1.25781110626528e-10
ENSG00000117643	MAN1C1	526.636289962311	4.95566973593385	0.222520438156037	13.2826888191783	2.91727458280176e-40	8.63773747454214e-38
ENSG00000117707	PROX1	565.986504069017	4.8132098065786	0.205166636812361	13.7118288347802	8.62559510780152e-43	3.25047710187402e-40
ENSG00000117791	MTARC2	71.1128962211407	8.7276548230435	1.22356419282704	5.49840773576357	3.83235970090694e-08	1.18996921724228e-06
ENSG00000118432	CNR1	1945.10498445373	7.60096436706034	0.376351507515146	14.8822689831658	4.29676568413925e-50	2.74017968495049e-47
ENSG00000118777	ABCG2	21.9025640205268	6.08706686317901	1.08094768732119	3.78100338352878	0.000156197551068441	0.00287767954918425
ENSG00000119125	GDA	73.0218442337596	9.6676710826169	1.25221686332154	6.12327729102626	9.16699554341051e-10	3.36278657312588e-08
ENSG00000120068	HOXB8	214.12525416368	9.3604402801823	1.18957756233649	6.18744041012797	6.1148950451463e-10	2.28873757886164e-08
ENSG00000120075	HOXB5	133.258133948953	8.49124258546751	0.882640692849375	7.3543432090268	1.91868170246516e-13	1.0604553769525e-11
ENSG00000120093	HOXB3	2702.85375715868	8.81307802440503	0.528235678130115	12.89779980126	4.63132058343466e-38	1.34722678234965e-35
ENSG00000120278	PLEKHG1	2927.0684613148	3.30798869922336	0.278255374793938	4.70067721132785	2.59300118850483e-06	6.15967803819464e-05
ENSG00000120457	KCNJ5	6.58267100373105	7.36572294518414	1.42333885233325	3.76981414958793	0.000163369155846344	0.00298657549403332
ENSG00000121207	LRAT	60.5791563516021	10.0991167200667	1.22281602503987	6.62333217280391	3.51190612191379e-11	1.47047766180436e-09
ENSG00000121297	TSHZ3	371.143828364556	4.46180703286279	0.314945769576607	7.81660612927833	5.42665665505045e-15	3.45338836803878e-13
ENSG00000121310	ECHDC2	388.803765716009	4.33569716184786	0.284767877186213	8.20210897706176	2.36206020267987e-16	1.72534450311167e-14
ENSG00000121316	PLBD1	105.722875417716	4.49787436098609	0.571247157929406	4.37266833858765	1.22737110896453e-05	0.000269193655525674
ENSG00000121570	DPPA4	61.4008829125547	9.72643067497574	1.20516229363528	6.41111219275669	1.44461832155091e-10	5.6360509152084e-09
ENSG00000121743	GJA3	148.293733622809	3.9422718407838	0.340801535404386	5.69912878613987	1.20421232009276e-08	3.96171517449565e-07
ENSG00000121904	CSMD2	594.647683396415	9.20638019680452	0.66237624274386	10.8795873580134	1.44214315615579e-27	2.36754214576427e-25
ENSG00000121966	CXCR4	285.2774751232	4.89094961096329	0.520753145015465	5.5514779673149	2.83264421865621e-08	8.94629976943592e-07
ENSG00000122420	PTGFR	9.28349234960596	7.38969600929066	1.31177238666146	4.10871281031289	3.97870474440405e-05	0.000801590563389593
ENSG00000122592	HOXA7	119.20128284455	6.78372677312506	1.21931899611859	3.92327749206967	8.73524410760061e-05	0.0016881011951996
ENSG00000122756	CNTFR	107.862072383209	6.06666392445028	1.13426498333934	3.58528561154891	0.000336709509316217	0.00576754170864896
ENSG00000123364	HOXC13	9.68347706492741	6.64042067004269	1.25507709428736	3.69731922537997	0.0002178882769919	0.00386396312385314
ENSG00000123496	IL13RA2	497.817827779437	10.4214117103412	1.19564989995945	7.04337591683549	1.87637100290336e-12	9.31500227519178e-11
ENSG00000123610	TNFAIP6	36.9569629169706	4.10895201034866	0.615523392818404	3.42627434627957	0.000611921975007393	0.00998649435787164
ENSG00000123689	G0S2	32.1583618181485	6.8247464397278	1.33558401789117	3.61246194555837	0.000303303628203668	0.00525504436702718
ENSG00000124479	NDP	111.957892342393	9.83793862669664	1.32330709309448	5.92299298295763	3.16134338755314e-09	1.08977618937669e-07
ENSG00000124613	ZNF391	137.205629669978	3.8646866184813	0.393610912597461	4.73738547078415	2.16493133176794e-06	5.20997480581192e-05
ENSG00000124875	CXCL6	257.151542535033	7.11650460711432	0.734475092285475	6.96620574455865	3.25602872339348e-12	1.54252035035964e-10
ENSG00000124920	MYRF	784.138659234929	4.45120956108632	0.242555382413339	10.1057726969307	5.20833518267868e-24	6.59232104305306e-22
ENSG00000125148	MT2A	1915.58974722433	3.13386692439097	0.327170446189874	3.4656764924694	0.000528899260855353	0.0087658167098814
ENSG00000125355	TMEM255A	499.668048301447	5.29721160681718	0.484215868539686	6.80938362627606	9.80177839866552e-12	4.42842745581125e-10
ENSG00000125378	BMP4	61.4478570496705	6.1918853369791	1.1546601846713	3.63040606459674	0.000282975678769336	0.00492342049283773
ENSG00000125538	IL1B	77.7650350648356	7.41942823368498	1.11158414815089	4.87540978584496	1.08582811328115e-06	2.7196549767847e-05
ENSG00000125730	C3	757.305236160961	7.80572398934012	0.517159083178288	11.2261858646281	3.03290077393846e-29	5.52621183875535e-27
ENSG00000125820	NKX2-2	72.0153493797214	6.05828659363016	0.508170000115758	7.9860806279507	1.39296598307613e-15	9.46588892023987e-14
ENSG00000125848	FLRT3	548.679617377286	3.72079093832195	0.315696059509816	5.45078370947625	5.01483311723381e-08	1.52570546636429e-06
ENSG00000126878	AIF1L	2290.68342752656	4.46319520986129	0.275481218016844	8.94142703300621	3.84176729552081e-19	3.48089308890877e-17
ENSG00000128340	RAC2	190.113715780526	5.49218142679291	0.425314385732187	8.21082367289565	2.19676283544393e-16	1.61170462719008e-14
ENSG00000128487	SPECC1	2092.98067171421	3.98204216278678	0.124535765421669	15.9154453026063	4.95134708207366e-57	4.32096241936123e-54
ENSG00000128604	IRF5	79.4313649781987	3.39459659877988	0.349153996671397	3.99421634028262	6.49085776175034e-05	0.00127820561220407
ENSG00000128652	HOXD3	15.7096286854477	7.18363601275168	1.26586335218775	4.0949412144628	4.22275518857774e-05	0.000845622026350332
ENSG00000128709	HOXD9	72.968642036747	9.74259028453697	1.19597819973234	6.47385569926759	9.55331421407418e-11	3.78955748764507e-09
ENSG00000128710	HOXD10	174.18757193809	11.1080875217131	1.18709720189716	7.67257096315024	1.68582635584256e-14	1.03528469652687e-12
ENSG00000128713	HOXD11	53.1356000327976	9.28578585363654	1.192083390219	6.11180888301617	9.85081135136405e-10	3.59297974639494e-08
ENSG00000128714	HOXD13	56.7177286670095	9.5077233332609	1.21117678091076	6.19870150385094	5.69308851316021e-10	2.14052382396166e-08
ENSG00000128805	ARHGAP22	121.952109572257	3.32657198184838	0.356136752038237	3.72489492942291	0.000195396589767127	0.00350256308640944
ENSG00000129167	TPH1	23.55793672342	5.39480272845958	0.671984420972331	5.05190689323937	4.37420926327369e-07	1.18125022466353e-05
ENSG00000129422	MTUS1	52.3796572150063	5.98728614595142	0.808735537595079	4.93027196233807	8.21152194797466e-07	2.10116119474333e-05
ENSG00000129514	FOXA1	50.7654382679046	5.31557719695501	0.86897517542088	3.81550277929303	0.000135905926266685	0.00253197321733471
ENSG00000129521	EGLN3	220.931281081687	7.37569253551851	0.763306482634284	7.04263969692253	1.88631555593221e-12	9.33641738295877e-11
ENSG00000129682	FGF13	234.319659904656	9.33848867316023	1.04600343633813	7.01574050162875	2.28734241666502e-12	1.11877358733695e-10
ENSG00000129824	RPS4Y1	221.024434176661	12.5413513941921	1.19517244945116	8.81994175738646	1.14519272043814e-18	9.88981275915873e-17
ENSG00000129910	CDH15	53.9880764902159	4.75207733489293	0.73119823304837	3.76379100838292	0.000167356765415453	0.00304431808690653
ENSG00000130052	STARD8	65.2170794415765	4.53973171603816	0.546827483975253	4.64448439492317	3.40926815475513e-06	7.98792224097741e-05
ENSG00000130830	MPP1	278.647815130124	3.32456800511709	0.264926004870817	4.99976589977634	5.73999634035676e-07	1.50593163480151e-05
ENSG00000131015	ULBP2	55.1181391264129	4.91682866845882	0.753176786975554	3.87270122884641	0.000107635742448352	0.00204200028093378
ENSG00000131095	GFAP	1126.12048459359	8.12236172834097	0.736858451351894	8.30873516766814	9.67275258690489e-17	7.29017775652136e-15
ENSG00000131242	RAB11FIP4	163.503969895404	4.18856034482008	0.573694552406793	3.81485293112602	0.00013626406193551	0.00253579619635544
ENSG00000132164	SLC6A11	32.3259132011731	6.75275541850369	1.25486228714868	3.78747171476718	0.000152188003593235	0.00281005488594592
ENSG00000132182	NUP210	3247.18839127195	2.90602804072432	0.139597091047906	6.4903074549984	8.56613794749659e-11	3.44077979118148e-09
ENSG00000132429	POPDC3	681.805415216856	3.00664017904764	0.224341221967655	4.48709412482728	7.22011820109888e-06	0.000162879972642749
ENSG00000132561	MATN2	771.060912637899	6.99338903792755	0.366149568756012	13.6375663499824	2.39417801026195e-42	8.82174790847855e-40
ENSG00000132623	ANKEF1	204.532959951131	3.75060425572368	0.357649854686054	4.89474337200659	9.84340934221307e-07	2.48817330352953e-05
ENSG00000132639	SNAP25	465.324524223546	7.77595425290335	0.620690872539911	9.30568582274739	1.33130345914282e-20	1.33783894885134e-18
ENSG00000132840	BHMT2	702.736270910748	5.61611496820582	1.03887039695526	3.48081433334128	0.000499891879259143	0.00833873968812461
ENSG00000133048	CHI3L1	110.602329639977	8.76592165268039	1.30789079340489	5.17315488938214	2.30174053428687e-07	6.41431257126229e-06
ENSG00000133135	RNF128	68.1293722866189	8.99567138788341	1.22413413940843	5.71479151072784	1.09838606451945e-08	3.6207434067191e-07
ENSG00000133169	BEX1	893.472460847132	3.52224216322712	0.303413684285325	5.01705177474996	5.24704312241535e-07	1.39425035276873e-05
ENSG00000133317	LGALS12	6.87019805294633	6.9595165252726	1.40514529715279	3.52953999513213	0.000416282778137621	0.0070217545720243
ENSG00000133805	AMPD3	231.267680035382	3.68581144491814	0.260548665492802	6.47023634425299	9.78497472169196e-11	3.87218772936454e-09
ENSG00000133937	GSC	58.2284647168583	7.51087523595524	1.04263155778414	5.28554425080636	1.25331570605921e-07	3.65223685802596e-06
ENSG00000134121	CHL1	384.880056771752	8.57106523725736	0.596453016451219	11.0169033536857	3.16769693035477e-28	5.41480235074356e-26
ENSG00000134198	TSPAN2	118.409705345689	7.34171298848728	1.07757667195992	4.95715351629845	7.15334543071953e-07	1.85038409651732e-05
ENSG00000134215	VAV3	298.972619878966	10.8560697591716	1.29667298226927	6.82984058453418	8.50090446521005e-12	3.8830164445633e-10
ENSG00000134247	PTGFRN	3931.09438636683	3.25737960355694	0.193111219673287	6.51116804960491	7.45686625469479e-11	3.02303910437883e-09
ENSG00000134330	IAH1	610.814292735028	2.74058160980356	0.113512345655957	6.52423844757979	6.83479037883888e-11	2.7844633727648e-09
ENSG00000134595	SOX3	745.31898786335	7.82033344510204	0.627071943931208	9.28176344266576	1.6669642167068e-20	1.65508584893506e-18
ENSG00000134716	CYP2J2	22.7678528098678	5.3152463454145	0.929925788657858	3.56506549861288	0.000363765333632964	0.00619896505341025
ENSG00000135114	OASL	101.094458098356	4.59481126420155	0.531541560421375	4.8816714579092	1.0519040563721e-06	2.6437743817262e-05
ENSG00000135298	ADGRB3	52.223267827929	4.60665927460815	0.630313115307772	4.13549902628214	3.54184116913237e-05	0.000721465214071054
ENSG00000135314	KHDC1	72.5406770413502	4.31832399170754	0.461001811746749	5.02888260443779	4.93346305677647e-07	1.32151455483701e-05
ENSG00000135373	EHF	48.5713450678935	7.28927141791941	1.28114365637732	4.12855450799004	3.65050906694071e-05	0.000741778074006666
ENSG00000135457	TFCP2	571.673146449605	8.53069115489176	0.728236955656132	8.96781068877188	3.02466342899138e-19	2.77082565282354e-17
ENSG00000135525	MAP7	96.6388213277076	4.37601845447734	0.495858357291312	4.79172816095434	1.65350839930874e-06	4.03188570131443e-05
ENSG00000135636	DYSF	140.307352212284	5.33360148722597	0.40554030866257	8.22014832069308	2.03251653448553e-16	1.49782918481354e-14
ENSG00000135678	CPM	84.1081135882785	4.64008506342291	0.686151570826382	3.84767036274983	0.000119246352119553	0.00224940132479443
ENSG00000135744	AGT	146.796695340692	6.00630984426871	0.955548558383759	4.19268053843867	2.75677530996502e-05	0.000569951264520324
ENSG00000135903	PAX3	74.6130487960925	9.41276925048784	1.22599644148185	6.04632199546034	1.48189788571813e-09	5.33001059503089e-08
ENSG00000136167	LCP1	20.3873198978296	6.85908410942447	1.24921519413406	3.88970942095589	0.000100364325601281	0.00191721299861156
ENSG00000136235	GPNMB	153.627409490783	8.02347708768193	0.833897118894027	7.22328564424192	5.07462634762464e-13	2.67118664984013e-11
ENSG00000136244	IL6	62.1731647193604	7.99915409143624	1.24468274106933	4.81982588292521	1.43683567860919e-06	3.53999589703105e-05
ENSG00000136267	DGKB	43.4461184344988	5.09411739024295	0.674900268840269	4.58455498256031	4.54954361708284e-06	0.00010521057561346
ENSG00000136720	HS6ST1	1131.17995542757	3.62658782240071	0.290834137619613	5.59283664467257	2.23389449848001e-08	7.17833424017386e-07
ENSG00000136842	TMOD1	87.9105161939652	7.58000561603376	1.15194559259579	4.84398364983523	1.27261409363705e-06	3.15414264373632e-05
ENSG00000137203	TFAP2A	508.917762484364	5.27670232593145	0.242448161918067	13.5150635913618	1.2744553051046e-41	4.49611561998712e-39
ENSG00000137273	FOXF2	49.802791090527	7.0254370162111	1.06467270564849	4.72017079948541	2.3564669194876e-06	5.63817864242768e-05
ENSG00000137434	C6orf52	21.6581191975324	3.90075102951514	0.511066282020704	3.71918691642063	0.000199865113251285	0.00356970886070174
ENSG00000137474	MYO7A	41.9015058333269	4.40200078752531	0.640843301114085	3.74818740142795	0.000178117152635625	0.00323124782040623
ENSG00000137673	MMP7	11.0540013141868	7.09222838173926	1.33604222161839	3.81142773734416	0.000138166448129155	0.00256831600496583
ENSG00000137727	ARHGAP20	91.4249100516842	7.71225396586677	1.04138937099073	5.48522399497162	4.1294583168291e-08	1.27743560356984e-06
ENSG00000137968	SLC44A5	698.184094006658	3.28897503474054	0.271190031352285	4.7530325075486	2.00388113901911e-06	4.82941179739474e-05
ENSG00000138028	CGREF1	88.1362750834328	4.32383478391318	0.447457889466662	5.1934156009251	2.06470564972514e-07	5.80252277594788e-06
ENSG00000138115	CYP2C8	20.3320738134692	5.99634408947203	1.12148703253663	3.56343316822212	0.000366035918052049	0.00623125416552467
ENSG00000138135	CH25H	73.381871665967	5.99562245295597	1.12874499390378	3.53988055276954	0.000400308168360681	0.00677988737445195
ENSG00000138449	SLC40A1	152.736894894213	4.29513046315131	0.469197729523342	4.89160607295124	1.0001646757161e-06	2.52032378237822e-05
ENSG00000138678	GPAT3	1050.34294115232	3.67398742803656	0.366967867806021	4.56167303705575	5.07476292561765e-06	0.00011670547027693
ENSG00000138795	LEF1	123.837305776906	4.14344882104408	0.289344402208673	7.40794985035943	1.28266786079438e-13	7.20946298299376e-12
ENSG00000138823	MTTP	137.779597964018	6.19317243832733	0.746381802248382	5.61799929432353	1.93181288736093e-08	6.23178783761316e-07
ENSG00000139044	B4GALNT3	244.791975952624	10.6298415189699	1.11466687282401	7.74208127052903	9.78024375293269e-15	6.09647449877357e-13
ENSG00000139304	PTPRQ	18.6875843652287	4.59898990321898	0.717611912164534	3.62172068100102	0.000292650007789964	0.00508107830279098
ENSG00000140015	KCNH5	122.160688656767	8.82693844158635	1.22675738950904	5.56502736398314	2.62111276080854e-08	8.32579898217748e-07
ENSG00000141293	SKAP1	59.0755253278075	8.34124691252307	1.27166401896635	4.986574140611	6.14593283168112e-07	1.60734561959156e-05
ENSG00000141338	ABCA8	146.782268384025	4.96630968244139	0.701157211654803	4.2305914182079	2.33077694395855e-05	0.000486733155009783
ENSG00000141448	GATA6	279.271406779357	7.45608403469046	1.03412994830325	5.27601395128586	1.32024041471012e-07	3.83378394331148e-06
ENSG00000141750	STAC2	256.814537882495	5.42637236488534	0.54919592707164	6.2388888846191	4.40689877642751e-10	1.66828284502157e-08
ENSG00000141837	CACNA1A	1401.56610537645	4.70308070687908	0.317045216638351	8.52585235487859	1.51688646793101e-17	1.22690217193971e-15
ENSG00000141934	PLPP2	624.519696968535	3.94212072866861	0.412830701640361	4.70439994155401	2.54613698198772e-06	6.06573237045092e-05
ENSG00000142494	SLC47A1	148.810019924891	5.78952581636452	0.886092905962598	4.27666872273151	1.89710786340336e-05	0.000403799043428641
ENSG00000142583	SLC2A5	24.4920869243439	6.56744852878647	1.18154576683126	3.86565519254977	0.000110791372084832	0.00209706819696187
ENSG00000142698	C1orf94	88.2144450532759	10.0411465643218	1.1901612165301	6.75635069656	1.41510658669646e-11	6.24039423245052e-10
ENSG00000143061	IGSF3	759.166261333409	6.91555977866288	0.331507579292458	14.8278956069549	9.67177029415304e-50	5.72741511597684e-47
ENSG00000143196	DPT	12.3582129977228	8.06544432538416	1.24862282641545	4.85770738534138	1.18752730804266e-06	2.95651505925756e-05
ENSG00000143469	SYT14	95.6705135477763	5.64639298195721	0.500810320008618	7.28098610646534	3.31388814905455e-13	1.78401231816473e-11
ENSG00000143786	CNIH3	1325.39794046182	3.78326589413293	0.336849885872814	5.29394833996248	1.1970326148479e-07	3.49436580753399e-06
ENSG00000143869	GDF7	32.7636832241605	4.63081963992484	0.512821580240069	5.13008761973953	2.8960734374406e-07	7.96348153668369e-06
ENSG00000143995	MEIS1	310.539663051583	6.9190620275369	0.422929791971307	11.6309187030991	2.86992052752331e-31	6.02356357808404e-29
ENSG00000144290	SLC4A10	57.1803808854887	9.17976280331331	1.31464254506456	5.46138022861623	4.7244694035569e-08	1.4453215346933e-06
ENSG00000144649	GASK1A	13.6641002262027	7.43302507200162	1.26663843644929	4.28932591626682	1.79216221554774e-05	0.000382936104329859
ENSG00000144843	ADPRH	65.2521979655106	5.43460860321752	0.717094783871825	4.78961593427436	1.67100832511978e-06	4.06260836346204e-05
ENSG00000144868	TMEM108	131.007266283832	7.18089408273477	0.709197973570505	7.30528607780873	2.76677442115477e-13	1.49921198291396e-11
ENSG00000145423	SFRP2	79.1985492192281	8.30026029568639	1.25030169528708	5.03899204442797	4.67989935179911e-07	1.25765658269337e-05
ENSG00000145428	RNF175	9.26030212499382	7.26172648231215	1.46132214127277	3.60066157468151	0.000317408506104376	0.00547084245292793
ENSG00000145703	IQGAP2	253.126608144465	4.3202009093024	0.516053393408689	4.49604815884801	6.92280630110705e-06	0.000157027429929762
ENSG00000145824	CXCL14	748.470723754154	7.75719795386393	0.755645466558045	7.6189141715994	2.55818483350761e-14	1.54807528191203e-12
ENSG00000146216	TTBK1	87.0090324399721	5.32025586185987	0.340020045696764	9.76488269994803	1.59296239704252e-22	1.82157996588704e-20
ENSG00000146250	PRSS35	185.89437041741	4.82825282257582	0.657359089359383	4.30244727479473	1.6892187636247e-05	0.000362340702712305
ENSG00000146477	SLC22A3	5.55277806964847	6.69729707647662	1.33493085395167	3.51875684240247	0.000433573900243539	0.00730598459343306
ENSG00000147202	DIAPH2	442.146587097754	4.54407429906329	0.263549486037919	9.65311804363469	4.76833825220282e-22	5.20156687893256e-20
ENSG00000147231	RADX	219.870606342646	4.7777564600107	0.483438290508416	5.74583460712105	9.14686815581777e-09	3.03328441783229e-07
ENSG00000147234	FRMPD3	269.191059021447	4.55680805783741	0.511348684898694	5.00012639779048	5.72927426373054e-07	1.50550073798599e-05
ENSG00000147408	CSGALNACT1	76.6119120053415	7.71791842205763	0.937020767929323	6.10223232799138	1.04597185402527e-09	3.78673784095917e-08
ENSG00000147573	TRIM55	62.1725351484465	9.72377424610911	1.24926521256657	6.18265374590949	6.30328710724138e-10	2.35393701633264e-08
ENSG00000147642	SYBU	537.443776299612	4.34113261488074	0.294042080160985	7.96189652038576	1.69422141259758e-15	1.13273730815647e-13
ENSG00000148053	NTRK2	1627.86263579072	9.02155336467249	0.597175833552037	11.7579328736528	6.4289020984412e-32	1.48052257908685e-29
ENSG00000148123	PLPPR1	6.68359565931432	7.38749759221631	1.36352403150591	3.95115705167749	7.77742630846827e-05	0.00151358574672198
ENSG00000148655	LRMDA	18.1715583057909	6.99164047208662	1.26062194134751	3.95966491488394	7.50550000745767e-05	0.00146238185221687
ENSG00000148735	PLEKHS1	229.944507151291	6.39399807703733	0.877685305506092	5.00634800363173	5.54724274307101e-07	1.46463108157421e-05
ENSG00000148935	GAS2	36.0174782091432	3.62377557471544	0.362508327838623	4.47927799175497	7.489594150452e-06	0.000168729566044354
ENSG00000148948	LRRC4C	129.432129051536	7.55904911085092	0.766866260506796	7.24904640761889	4.19716073962951e-13	2.23054878922426e-11
ENSG00000149218	ENDOD1	2084.1084934797	3.17985791588027	0.190004234622701	6.20964010735422	5.31060829617284e-10	2.0058131243472e-08
ENSG00000149260	CAPN5	1741.32596463472	2.82280842664592	0.217151277308295	3.78910240291958	0.000151192584975919	0.00279478734836757
ENSG00000149294	NCAM1	1949.03055763829	3.23996377436931	0.258621742331678	4.79450707891014	1.63075306384138e-06	3.98812928488996e-05
ENSG00000149295	DRD2	257.083032045	5.75243199342963	0.568723640872425	6.59798841432612	4.1677382745127e-11	1.73631327461545e-09
ENSG00000149328	GLB1L2	192.911332321506	3.25833488714918	0.26131149830082	4.81545930941236	1.46861689278506e-06	3.60757580729912e-05
ENSG00000149403	GRIK4	51.0303526828888	5.76762504406453	1.09205008650345	3.45004784178699	0.00056048721536555	0.00922883666134676
ENSG00000149571	KIRREL3	295.932534000335	4.43197990325542	0.475631318824677	5.11316182724265	3.16810665724417e-07	8.66837895771708e-06
ENSG00000149927	DOC2A	77.8003287623446	3.57285760540512	0.448536857019268	3.50664071589896	0.000453801424419709	0.00763131989685923
ENSG00000149970	CNKSR2	186.899398081338	3.89337962733499	0.280867674264679	6.74118028104133	1.5710512405735e-11	6.85515805788137e-10
ENSG00000150394	CDH8	103.951513640458	5.92669300913924	0.521574156520953	7.52854212588176	5.13099647473847e-14	3.03846616241566e-12
ENSG00000150540	HNMT	135.657745562279	4.67331317531863	0.454109157052935	5.88693959106182	3.93412427294308e-09	1.34776269772044e-07
ENSG00000150551	LYPD1	265.393651455981	3.50515021514019	0.231442173360785	6.50335327085731	7.85490361682527e-11	3.17663797245317e-09
ENSG00000150625	GPM6A	5828.91603491864	9.7713101365539	0.716293006997699	10.8493452548516	2.00858987065963e-27	3.23343967431138e-25
ENSG00000151320	AKAP6	932.376916888263	6.37330401711389	0.361734644788496	12.089812463694	1.19559319791399e-33	2.91531335508998e-31
ENSG00000151490	PTPRO	87.1333500302313	3.7196812412154	0.483996875230896	3.55308335491837	0.00038074379983669	0.00647498763599196
ENSG00000151690	MFSD6	494.828370672709	3.78946506525653	0.192453482070824	9.29816933422903	1.42884541197978e-20	1.42720998650823e-18
ENSG00000151702	FLI1	14.532023930883	4.26092808140614	0.628186849939495	3.59913309491261	0.000319279759191098	0.0054973807758542
ENSG00000151790	TDO2	28.58913126448	5.13964171282387	0.686369464822019	4.57427358549233	4.77875066282839e-06	0.000110203706175741
ENSG00000152049	KCNE4	1427.99568405834	11.5801942134538	1.23187716368762	7.77690706171995	7.43191635864159e-15	4.68549829439681e-13
ENSG00000152078	TLCD4	169.82667021247	4.64591071956996	0.365218554526048	7.24473246712127	4.33293630933121e-13	2.29534878418597e-11
ENSG00000152137	HSPB8	195.225730868773	10.9041529821185	1.19290314454073	7.46427153190763	8.37617124919665e-14	4.80571956688338e-12
ENSG00000152192	POU4F1	13.8879815067768	5.11981149809809	0.799106337426488	3.90412558627104	9.45666683290365e-05	0.00181903703893707
ENSG00000152580	IGSF10	22.877490455614	3.92284756957235	0.533875872966971	3.60167534615544	0.000316173056683301	0.00545521899361688
ENSG00000152672	CLEC4F	10.1521007772196	7.46625700083921	1.46036695141863	3.74307087374798	0.000181784928116264	0.00329058503613076
ENSG00000152977	ZIC1	2306.32858444647	4.75668413216828	0.275786001694018	9.99573624199677	1.59100515717478e-23	1.95410788971223e-21
ENSG00000153233	PTPRR	59.31325260999	3.25802759435042	0.333001817633617	3.77784002288708	0.000158194439563177	0.00290800665454218
ENSG00000153253	SCN3A	60.7415023776002	9.65801411701904	1.30403328116146	5.8725603308209	4.29115462316817e-09	1.46704401663405e-07
ENSG00000153814	JAZF1	428.622949420767	3.22989891612067	0.331489367778943	3.71022130924225	0.000207078144620248	0.00368408016732654
ENSG00000153902	LGI4	112.355368318452	6.22815067655225	1.0123282479814	4.17665977906205	2.95820972745526e-05	0.000610075565807657
ENSG00000153976	HS3ST3A1	307.269752496045	5.54461755891234	0.280622372825897	12.6312721370633	1.41964391455652e-36	3.79663157213898e-34
ENSG00000154065	ANKRD29	58.4779450956772	8.24386916373888	1.20140805013373	5.19712612467004	2.02393050991976e-07	5.71700030408511e-06
ENSG00000154096	THY1	4722.67999429406	7.56290668851073	0.287928729091435	19.3204294203798	3.61629696591697e-83	8.56597428455275e-80
ENSG00000154188	ANGPT1	335.912831071061	3.48994918843094	0.414516566514946	3.59442615516604	0.000325107334830602	0.00558033614785321
ENSG00000154237	LRRK1	386.826353431049	2.89036109100838	0.181901960181133	4.89473060170312	9.84404853214746e-07	2.48817330352953e-05
ENSG00000154258	ABCA9	7.41686932356623	6.54692592662187	1.30932381747393	3.47272833957472	0.000515196550172865	0.00858540100343343
ENSG00000154262	ABCA6	28.0280010431089	4.60126130505469	0.600033482726882	4.33519358491985	1.45631904215714e-05	0.000315650013568725
ENSG00000154330	PGM5	27.1842543668799	7.56682764585267	1.07492052404363	5.1788271982299	2.23285174393819e-07	6.23281393371028e-06
ENSG00000154451	GBP5	670.34205427636	4.67229374467196	0.489030910461275	5.46446796614828	4.64297212440158e-08	1.42301517180596e-06
ENSG00000154553	PDLIM3	218.797590174785	7.35461643756904	0.618916537979063	8.65159695853882	5.07837193676654e-18	4.23138115997618e-16
ENSG00000154589	LY96	131.342748760477	7.35147622945979	0.765754472894421	6.98850143079429	2.77837843229005e-12	1.33924104951713e-10
ENSG00000154655	L3MBTL4	61.9914463596861	7.24658649901373	0.815412666818993	6.43427151981976	1.24066907331285e-10	4.87477106744083e-09
ENSG00000154856	APCDD1	202.652276521374	5.82930891153842	0.34614988663614	11.0625745071055	1.90548290569983e-28	3.36115021908605e-26
ENSG00000155265	GOLGA7B	30.8544100697639	7.10894941015327	1.21402323765462	4.20827975255504	2.57322172014296e-05	0.000535339891363743
ENSG00000155495	MAGEC1	35.0150703332916	8.66674299402348	1.21639183078376	5.48075285060724	4.23519765198956e-08	1.30770600125957e-06
ENSG00000155792	DEPTOR	53.7801632911779	6.4007665934618	0.756606641898503	5.81645249956999	6.01096131160184e-09	2.03403570423817e-07
ENSG00000155816	FMN2	506.921869641205	4.53436495333604	0.299797388460358	8.45359249575705	2.82473968173758e-17	2.25177926263898e-15
ENSG00000155849	ELMO1	84.0979360561657	7.81295184584964	1.20700201382768	4.81602497697202	1.46446200848252e-06	3.60270690840485e-05
ENSG00000155897	ADCY8	74.3438024436478	10.6320235737019	1.20236816260373	7.17918508005833	7.01281584765171e-13	3.63373436155978e-11
ENSG00000156011	PSD3	4758.980282596	3.55500405022688	0.223764103050853	6.94930075479306	3.671011873134e-12	1.72433563366671e-10
ENSG00000156453	PCDH1	162.38872431749	6.21890768845692	0.526449430049692	8.01388974446927	1.11136346190021e-15	7.6146766784163e-14
ENSG00000156463	SH3RF2	68.7165620769849	4.95586196327821	0.684803313473211	4.31636632756135	1.58618661481455e-05	0.000342009886349025
ENSG00000156466	GDF6	72.6286916040607	7.02694895395064	1.07832197843443	4.66182555348547	3.13416802802948e-06	7.39226743566954e-05
ENSG00000156510	HKDC1	66.5596321905759	8.60199379104913	1.45510896179123	4.53711300281052	5.70295518211868e-06	0.000130789349757552
ENSG00000156968	MPV17L	72.8174678204622	4.49299754798174	0.446631507055761	5.58177716663078	2.38073279525169e-08	7.62064294943404e-07
ENSG00000157087	ATP2B2	61.3554942027227	5.88624505365378	0.915045630864745	4.24705055416871	2.1660309840536e-05	0.000456352728673352
ENSG00000157214	STEAP2	454.307817398146	4.3236442527799	0.332450670323316	6.98944072069428	2.75984192677907e-12	1.33803915169368e-10
ENSG00000157404	KIT	47.9748342059176	8.38367183890529	1.22083535780796	5.22893754516359	1.70486941397014e-07	4.8571202324809e-06
ENSG00000157542	KCNJ6	38.5448562959411	9.10003211503478	1.43510112791803	4.94740891558989	7.52078766167092e-07	1.93636925804605e-05
ENSG00000157833	GAREM2	219.277792450167	5.42425180130664	0.4566328831781	7.49891636685106	6.43475651544775e-14	3.74367360640839e-12
ENSG00000158186	MRAS	358.739293901281	2.81278001268896	0.217765641903711	3.73236110886741	0.000189693296027005	0.0034150972219585
ENSG00000158458	NRG2	123.816408150131	7.8739958033239	1.08305563669055	5.42354021744702	5.84300612014429e-08	1.75908700323121e-06
ENSG00000159167	STC1	1116.39317604289	3.78340729985455	0.477104224664431	3.73798262027317	0.000185502766469275	0.00334692205748319
ENSG00000159212	CLIC6	91.5155660052966	7.64360150541352	0.675361358838307	8.35641754085711	6.46515875775182e-17	4.96290728529087e-15
ENSG00000160307	S100B	439.15991143491	6.21928941411918	0.53803948040893	7.84196990695247	4.43532673313915e-15	2.8503455738808e-13
ENSG00000160321	ZNF208	80.9386035352906	7.36655876700577	0.617593083584426	8.6894735541062	3.64122840447843e-18	3.0647313794242e-16
ENSG00000160460	SPTBN4	62.2555299971852	3.59878077485241	0.424711250365596	3.76439468809966	0.000166953009539372	0.00304431808690653
ENSG00000160539	PLPP7	218.686096325036	6.18228870351816	0.518635755928174	8.06401921910176	7.38261451027688e-16	5.18691233876699e-14
ENSG00000160862	AZGP1	141.987471149339	10.924715208901	1.29996773988386	6.86533591187294	6.63349740994717e-12	3.06378887337978e-10
ENSG00000162433	AK4	847.912690223762	3.14960662208268	0.267579966591123	4.29631050757751	1.73664284829505e-05	0.000372031977617315
ENSG00000162490	DRAXIN	413.778541558086	5.42043969328294	0.233772490006614	14.6314893304434	1.76872558655338e-48	8.88704210625503e-46
ENSG00000162493	PDPN	1723.91119772744	3.3983467279728	0.360608364812665	3.87774345916584	0.000105429803653653	0.00200244166595786
ENSG00000162599	NFIA	220.332959450497	4.15814776596098	0.518900839239351	4.15907549720787	3.1953827959545e-05	0.000653300149688306
ENSG00000162706	CADM3	426.632077465963	9.78461779756069	0.580724949951416	13.4049997304438	5.65234885232887e-41	1.76833200604651e-38
ENSG00000162817	C1orf115	30.8875639053517	3.64601225914093	0.46077285999214	3.57228561415055	0.000353879154264517	0.00604291478564362
ENSG00000162981	LRATD1	78.4850944453	7.25395363314473	0.925640294881368	5.67602087138837	1.37863965221744e-08	4.5087226969265e-07
ENSG00000163064	EN1	309.002166951874	9.28139841894814	1.19130697782997	6.11210926692596	9.83228222441226e-10	3.59297974639494e-08
ENSG00000163171	CDC42EP3	3552.76647836307	4.64553348406032	0.225985632614797	11.7066445926222	1.178518138285e-31	2.57118542775047e-29
ENSG00000163219	ARHGAP25	86.7099988920551	7.99250999440048	1.20909045311893	4.95621314264983	7.18803615599897e-07	1.85646148757973e-05
ENSG00000163235	TGFA	279.836597072276	10.5007195786607	1.19900715595876	7.08979886935146	1.34307051612178e-12	6.85007017204423e-11
ENSG00000163412	EIF4E3	217.451094435514	3.18972557959262	0.290531414267375	4.09499806619093	4.22171911591854e-05	0.000845622026350332
ENSG00000163531	NFASC	672.822241703865	6.77564837354888	0.255979390619982	18.6563783982072	1.12074375510087e-77	2.32288152541594e-74
ENSG00000163646	CLRN1	17.0601844074079	8.79399482630143	1.39175885662833	4.88158907266488	1.05234370179078e-06	2.6437743817262e-05
ENSG00000163661	PTX3	242.152469903755	3.20689465135934	0.284240841253994	4.24602828374292	2.17593175271705e-05	0.000457276608261109
ENSG00000163694	RBM47	228.224328566544	4.97337992905378	0.33521529785061	8.87006037051111	7.31062588504694e-19	6.48221859892852e-17
ENSG00000163710	PCOLCE2	270.699772051948	6.84533910320291	0.860181137074667	5.63292880343913	1.7717461507579e-08	5.74898687391719e-07
ENSG00000163734	CXCL3	25.4910995314471	8.7719687739247	1.36320555406415	4.96767985850358	6.77587034148484e-07	1.76098285473605e-05
ENSG00000163735	CXCL5	121.382763990272	9.01659759140848	1.09532525714428	6.405948868286	1.49437043559092e-10	5.81646858979647e-09
ENSG00000163739	CXCL1	93.4361094890701	8.08686445573128	1.09656370501975	5.55085347788494	2.84278280485937e-08	8.96125127136374e-07
ENSG00000163873	GRIK3	101.51146499366	6.90806434175269	1.26217924835243	3.88856364748459	0.000100839227577459	0.00192406816163618
ENSG00000163898	LIPH	127.542237524657	5.90115056961091	0.560105219436629	6.9650316301905	3.28329974825085e-12	1.55100835116089e-10
ENSG00000164107	HAND2	18.3959782919107	5.57920028692588	0.728744511670697	4.91146105336741	9.04002449900872e-07	2.29896696653472e-05
ENSG00000164124	TMEM144	55.850518863219	4.94793815997429	0.572978966213222	5.1449325957932	2.67616881902884e-07	7.39559253138621e-06
ENSG00000164430	CGAS	198.7744956972	7.98468643305989	1.20173168955175	4.98005210738196	6.35671555716598e-07	1.65985355359636e-05
ENSG00000164619	BMPER	28.0743460064936	7.61095479507449	1.28242763576843	4.37526035666909	1.21287625213295e-05	0.000266720174225682
ENSG00000164647	STEAP1	102.001746376528	4.51922630158715	0.4607235279035	5.46797840572797	4.55197321455675e-08	1.39770866426973e-06
ENSG00000164742	ADCY1	471.807303007074	5.58021327086018	0.296497270608198	12.075029437931	1.43113022931293e-33	3.43906816409241e-31
ENSG00000164746	C7orf57	235.096821034543	4.70530905317448	0.532956419104279	5.07604178540752	3.85378577801593e-07	1.04925487660562e-05
ENSG00000164749	HNF4G	42.6690308305026	7.7548916175452	1.25560150376558	4.58337426347941	4.57532050256275e-06	0.000105659316508347
ENSG00000164778	EN2	135.686264419184	5.35709637747461	0.60388948275914	5.55912376903173	2.71132382115802e-08	8.5794771524086e-07
ENSG00000164932	CTHRC1	165.838936254726	3.6817652643793	0.25658226939977	6.55448744885413	5.58333106295237e-11	2.30291573021923e-09
ENSG00000165078	CPA6	200.186203066734	5.62093649128124	0.298834541982941	12.1168606120772	8.5990304839602e-34	2.1280675291723e-31
ENSG00000165091	TMC1	54.0174126143404	4.61330686659157	0.562680130511435	4.64439159103817	3.4108008845136e-06	7.98792224097741e-05
ENSG00000165118	C9orf64	365.673466271285	8.76432872193092	0.851350464804606	7.94541026471796	1.93549124056225e-15	1.27858088684313e-13
ENSG00000165171	METTL27	101.148819483807	3.9625015958155	0.463324898371385	4.23569206557604	2.27848849860523e-05	0.000476413843573434
ENSG00000165246	NLGN4Y	42.1484635401054	6.2623893809546	0.692781322876609	6.15257548118655	7.6234668281261e-10	2.83418617661791e-08
ENSG00000165671	NSD1	2876.38560993084	3.94368527660051	0.247871939249187	7.84148977285608	4.45232195666803e-15	2.8503455738808e-13
ENSG00000165795	NDRG2	146.471932404001	3.96728750505961	0.372596037957495	5.27994746225412	1.29220933608982e-07	3.7589689476676e-06
ENSG00000165923	AGBL2	27.3506644302999	6.26513922418168	1.08356805023496	3.93619876781787	8.27824157451873e-05	0.00160727779329151
ENSG00000165959	CLMN	519.366563634461	4.65155076515566	0.255966440969065	10.3589781344661	3.81010667301132e-25	5.30885535673955e-23
ENSG00000166741	NNMT	1345.5744442704	5.09422419524729	0.29344862759472	10.5443471336343	5.39462218617488e-26	8.20625967605189e-24
ENSG00000166897	ELFN2	277.920988208733	6.04964888879164	0.472696886048021	8.56711564708771	1.06109314438128e-17	8.66698789506699e-16
ENSG00000166922	SCG5	184.457330340275	5.98186247858755	0.485864194160233	8.19542276719895	2.49713919613902e-16	1.81601162329742e-14
ENSG00000167034	NKX3-1	86.0745504292287	5.42240651298487	0.570010264621949	6.00411382987065	1.92379704158e-09	6.78289998395828e-08
ENSG00000167191	GPRC5B	2061.05171429322	3.68700088663793	0.297201529008171	5.67628602809628	1.37650544294668e-08	4.5087226969265e-07
ENSG00000168004	PLAAT5	103.036138525909	4.90575967157557	0.524609952791418	5.5388954329101	3.04385308918418e-08	9.54066693228032e-07
ENSG00000168016	TRANK1	478.82834942552	4.42915345146221	0.360712135291788	6.73432694327629	1.64690486464195e-11	7.14851559178747e-10
ENSG00000168398	BDKRB2	42.2679997603788	9.06967514463201	1.20780422987142	5.85332868505077	4.81830546094947e-09	1.63713776327875e-07
ENSG00000168672	LRATD2	3191.32719682734	4.89310158486841	0.284960555738979	10.1526387656208	3.22522741320957e-24	4.17792935456467e-22
ENSG00000169031	COL4A3	32.929592099605	4.64724818744507	0.618109291442017	4.28281571575987	1.8454300955496e-05	0.000393406151730749
ENSG00000169122	FAM110B	130.196155847203	4.2831590549902	0.440243231237018	5.18613096804433	2.1470784518714e-07	6.02380842816915e-06
ENSG00000169247	SH3TC2	113.690573931848	5.12250776153665	0.798976065430736	3.90813679738113	9.30106405799271e-05	0.00179118400865943
ENSG00000169297	NR0B1	23.2786961433109	9.25466577519006	1.23871087281771	5.8566255729134	4.72366454309138e-09	1.60827683344965e-07
ENSG00000169330	MINAR1	389.910817895454	3.05361456241898	0.305522518211703	3.44856597996783	0.000563571763342696	0.0092704200476044
ENSG00000169429	CXCL8	451.17115082152	10.0525086718587	1.25867909417804	6.39758673128455	1.57851822084111e-10	6.12960436060103e-09
ENSG00000169435	RASSF6	16.2547755949179	8.19171169185867	1.23404542959276	5.01740984843804	5.23727635602519e-07	1.3938889126686e-05
ENSG00000169436	COL22A1	590.823987140392	9.99421982608209	0.750812969280804	10.6474184026678	1.79267687847261e-26	2.80418635112777e-24
ENSG00000169715	MT1E	112.404914059518	4.85037401706963	0.692499887653596	4.11606423031718	3.85396946042742e-05	0.000779300824674964
ENSG00000169856	ONECUT1	15.2047880789853	6.26953151717132	1.13088292882569	3.77539655816082	0.000159753309830782	0.002930165520248
ENSG00000169860	P2RY1	183.207167854898	4.47643775429583	0.345305908412768	7.17172134609285	7.40605716200408e-13	3.81365943488166e-11
ENSG00000170166	HOXD4	14.1930980029067	6.33331003156221	1.25081429486438	3.46439119648216	0.000531433070463946	0.00878533573416021
ENSG00000170214	ADRA1B	204.548614066168	8.50007057257378	1.19839417248936	5.42398379580861	5.82851680243507e-08	1.75908700323121e-06
ENSG00000170430	MGMT	71.5624882722978	7.69544263834487	1.22608908631937	4.645211104066	3.39728879210731e-06	7.97881663766733e-05
ENSG00000170689	HOXB9	1164.87697134263	11.4455808962457	1.23083349507133	7.67413377525795	1.66540207602774e-14	1.02654393392625e-12
ENSG00000170955	CAVIN3	655.744336360124	9.1099726107775	0.55648025456904	12.7766844419013	2.21304130751571e-37	6.21939625761321e-35
ENSG00000171126	KCNG3	9.77394976419327	6.98347111435384	1.27485538194089	3.90904818299218	9.26604831391081e-05	0.00178651566387157
ENSG00000171346	KRT15	35.5328381831267	7.52547371819689	1.27701113716982	4.32687981910852	1.5123642399529e-05	0.000326632714005792
ENSG00000171385	KCND3	82.0944970470381	5.05888031416497	0.674114958168906	4.53762415015057	5.68915384851428e-06	0.000130653545654038
ENSG00000171435	KSR2	80.55822166194	6.355329061164	0.546443113823967	7.97032472545173	1.58257972800207e-15	1.07105120285723e-13
ENSG00000171476	HOPX	43.843062487471	9.20687639522726	1.24064076804703	5.80899530375104	6.28488520982177e-09	2.12239677523533e-07
ENSG00000171587	DSCAM	132.926333038494	10.4435485986474	1.23068487092064	6.86085349560774	6.84503361113697e-12	3.15270839739617e-10
ENSG00000171714	ANO5	28.9458314183264	4.67032405084932	0.650736848230172	4.10353902366506	4.06877785010406e-05	0.000817750370091824
ENSG00000171766	GATM	350.853901059153	6.58209155846103	0.390211743251888	11.7425772998923	7.71004663150174e-32	1.75123675612233e-29
ENSG00000171903	CYP4F11	24.5704472933206	6.69473599321567	1.23319012775347	3.80698473622082	0.00014067142383965	0.00261195171185356
ENSG00000172005	MAL	56.2621846501133	10.4267620885628	1.20634496827382	6.98536679820592	2.84112708773187e-12	1.36152393762087e-10
ENSG00000172461	FUT9	54.629019058601	7.72479740848642	1.21304739118335	4.71935181600923	2.365973222256e-06	5.65276685853412e-05
ENSG00000172789	HOXC5	6.94097701642123	6.8083241949804	1.29871317100427	3.70237578422509	0.000213589941525182	0.00379179316962424
ENSG00000172986	GXYLT2	434.225351320815	4.92660706661612	0.259231992405484	11.2895288866908	1.47826884966179e-29	2.75406469620698e-27
ENSG00000172995	ARPP21	26.6627809555364	4.07736331616368	0.49313737981248	4.21254482260829	2.52509586405907e-05	0.000525987619622657
ENSG00000173083	HPSE	192.47507595887	6.82721055752667	0.505863198777912	9.54252171177597	1.39400658830347e-21	1.47223077965986e-19
ENSG00000173114	LRRN3	167.37570275455	4.89180651153554	0.31066262292253	9.30851122137302	1.29636643962972e-20	1.31871484266874e-18
ENSG00000173210	ABLIM3	35.1378610079616	9.65129318610735	1.22590940876396	6.24132022432384	4.33892928691483e-10	1.64631090403512e-08
ENSG00000173404	INSM1	265.373397972317	5.22099596735388	0.334696780450108	9.62362399489535	6.35517811052428e-22	6.88726851311132e-20
ENSG00000173917	HOXB2	843.529202494155	3.93427907574013	0.320129934365146	6.04216871994811	1.52056333252688e-09	5.45724255771174e-08
ENSG00000174125	TLR1	68.909113419251	4.22905197489561	0.607586609811304	3.6686983203726	0.000243788544653042	0.00427752154380115
ENSG00000174175	SELP	14.7606460195061	8.62359548270583	1.65147103689305	4.01072458113887	6.05326904670737e-05	0.00119629623436776
ENSG00000174370	C11orf45	17.3611967344464	5.6113406114993	0.831857545538271	4.34129693343409	1.41644149791931e-05	0.000307408592630891
ENSG00000174607	UGT8	559.323447065944	6.23912119264831	0.425864509751535	9.95415465618764	2.41869655687619e-23	2.88520918054418e-21
ENSG00000174844	DNAH12	23.723569853787	4.09230761159944	0.516421000696851	4.05155407850592	5.0878563070622e-05	0.00101153171975298
ENSG00000174963	ZIC4	358.020233495491	3.7901577232599	0.357465592282971	5.00791617964396	5.50224852286861e-07	1.45739269580966e-05
ENSG00000175093	SPSB4	42.6958403422178	4.59789616308501	0.653625019805349	3.97459718396133	7.0498471548641e-05	0.00138008873287841
ENSG00000175264	CHST1	98.5948035118496	8.51291074897878	1.19562442899851	5.44728812076395	5.11435819027152e-08	1.55313503943026e-06
ENSG00000175426	PCSK1	387.878506596227	10.4351582108259	1.22493497963548	6.88620894256452	5.72988151863448e-12	2.65383143744353e-10
ENSG00000175445	LPL	266.302511485604	7.31635954380919	0.728190475280293	7.30078149094553	2.86101058903538e-13	1.54522529566109e-11
ENSG00000175544	CABP4	65.517379920593	8.65064316666278	1.20071079842768	5.53892175815502	3.04339564103699e-08	9.54066693228032e-07
ENSG00000175591	P2RY2	12.3481032622444	8.18218291647214	1.33023153550959	4.64744877221984	3.36065515464951e-06	7.90397491053101e-05
ENSG00000175697	GPR156	31.5758796264993	4.60989640875397	0.506206255640556	5.15579643608195	2.52555149092232e-07	7.00270389146872e-06
ENSG00000175785	PRIMA1	59.0515888972758	9.89369863890941	1.20200225400799	6.56712465603823	5.12961036573285e-11	2.12635173685541e-09
ENSG00000175879	HOXD8	25.4793981023704	6.90596373832608	1.22817962237029	3.99450019277958	6.48308687230796e-05	0.00127819338204207
ENSG00000176165	FOXG1	1232.80219781584	7.14340338118917	0.364926363212975	14.0943595740915	4.11362699937734e-45	1.79494866517568e-42
ENSG00000176463	SLCO3A1	1130.68397339639	8.24339687176973	0.597365593382106	10.4515508441346	1.44148541284489e-25	2.07837127220705e-23
ENSG00000176971	FIBIN	232.710465812759	9.12001482422055	1.27632710978581	5.57851883708355	2.42575210562515e-08	7.73488378141744e-07
ENSG00000177098	SCN4B	215.287220014385	7.42457443891058	1.11892427565979	4.84802640975139	1.24695803498394e-06	3.09518131408214e-05
ENSG00000177283	FZD8	82.2193209657459	3.8004178099379	0.382871146787521	4.70241182978736	2.57106256106949e-06	6.11632544118984e-05
ENSG00000177301	KCNA2	276.795320413239	5.28909870490275	0.754989815878557	4.3564808898453	1.32170226794443e-05	0.000288357175062981
ENSG00000177807	KCNJ10	202.64287117156	8.29715238222391	1.1990953647698	5.25158595991473	1.50795129589104e-07	4.32583744587705e-06
ENSG00000178075	GRAMD1C	73.3518535586077	3.45344118706114	0.388507246488385	3.74109157602186	0.000183222739665476	0.00331299481613223
ENSG00000178860	MSC	230.037827877065	6.81935022606411	1.21302920393045	3.97298779819025	7.09766863554061e-05	0.00138781183544692
ENSG00000178965	ERICH3	129.575495905062	6.86503145945792	0.751243126901205	6.47597466818184	9.42018520946534e-11	3.74570961530323e-09
ENSG00000179058	C9orf50	12.2689713057604	4.67499656861737	0.767006025165621	3.4875822103741	0.000487409052496753	0.00814690473734745
ENSG00000179299	NSUN7	117.915673174743	5.32238152714793	0.555595440580505	5.97985743669278	2.23332991582289e-09	7.76327952500194e-08
ENSG00000179331	RAB39A	64.4247045457507	6.12281115760423	0.858067523576393	4.80476308020669	1.54934857954538e-06	3.79464531719969e-05
ENSG00000179403	VWA1	168.946926514081	4.51326499104497	0.417162267030916	6.02466998976855	1.69455020980894e-09	6.02947146541676e-08
ENSG00000180543	TSPYL5	220.898120003759	8.13742136445797	1.24576572358573	4.92662564739091	8.36618214658196e-07	2.13743707507666e-05
ENSG00000181143	MUC16	46.9734993376093	6.82346802817052	0.687197623966963	7.01904060774577	2.23396855301906e-12	1.09590037211861e-10
ENSG00000181291	TMEM132E	25.6314915336875	9.40673300492803	1.27667419586941	5.80158432659797	6.56912456957159e-09	2.20491203417139e-07
ENSG00000181481	RNF135	131.129964746478	3.68490989045126	0.409783002796857	4.11171248917449	3.92735185030801e-05	0.000792207068490962
ENSG00000182240	BACE2	859.712774120134	5.72368714742693	0.312391793869575	11.9199262608722	9.31909843401979e-33	2.17633762161242e-30
ENSG00000182742	HOXB4	530.489279000426	7.52215393097207	0.566018797242639	9.7561317007019	1.73652898503858e-22	1.9721498014332e-20
ENSG00000182771	GRID1	114.507771163595	6.13873095054055	1.0639471163538	3.88997807026744	0.000100253281365693	0.00191721299861156
ENSG00000182902	SLC25A18	585.84189419735	5.38395108877623	0.363390089291282	9.31217220418954	1.25244253958049e-20	1.28189813264099e-18
ENSG00000183092	BEGAIN	88.2540790724021	4.58378294855418	0.479099642870894	5.39299702473469	6.92921004212826e-08	2.06642503072893e-06
ENSG00000183421	RIPK4	80.0821198111055	8.02835316992442	1.36289635287042	4.42319267875946	9.72529348282717e-06	0.000216159639730238
ENSG00000183671	GPR1	17.9670962970704	8.10437327215653	1.43966564302714	4.24013263199159	2.23387754398838e-05	0.000468267048759436
ENSG00000183690	EFHC2	25.0169711467794	5.13555821443038	0.906113954375294	3.460445785312	0.000539281812939433	0.00890620691269795
ENSG00000183715	OPCML	258.213140292355	11.8026750534216	1.26186142152372	7.7684243976527	7.94684145954577e-15	4.9723237071973e-13
ENSG00000183770	FOXL2	55.2189680687523	6.14765343986087	1.04329276987163	3.97554124751695	7.02193714955439e-05	0.00137647641757782
ENSG00000183878	UTY	47.8188233938148	10.3158641222211	1.21774828000451	6.82888595185727	8.55765706847578e-12	3.89820087506585e-10
ENSG00000184254	ALDH1A3	553.764511936496	4.74397359907351	0.341943849200809	8.02463213035335	1.01830632775611e-15	7.0060320417112e-14
ENSG00000184307	ZDHHC23	134.354413593164	5.28144878928862	0.472588941813522	6.943558130447	3.82345170903936e-12	1.79086589795428e-10
ENSG00000184371	CSF1	2722.48392081987	5.39040812840228	0.246704473930346	13.7427914232294	5.62639369147322e-43	2.22121985234089e-40
ENSG00000184486	POU3F2	2866.05192138176	4.54122177717613	0.423264320868436	6.00386484729485	1.92675103579057e-09	6.78289998395828e-08
ENSG00000184719	RNLS	74.3776374061041	4.66913290305092	0.559291161208708	4.77234951698957	1.82089150819185e-06	4.40762074413563e-05
ENSG00000184828	ZBTB7C	20.8260771715055	7.74035137866272	1.21851653081764	4.71093434802306	2.46583667844575e-06	5.8828831604761e-05
ENSG00000184922	FMNL1	126.078738933868	3.29354615433208	0.295776848193982	4.3733854161693	1.22334467454709e-05	0.000268665934419409
ENSG00000185008	ROBO2	171.388032174782	7.0756051475313	0.545403657767042	9.30614431210734	1.32557145379961e-20	1.33783894885134e-18
ENSG00000185046	ANKS1B	512.128491862997	3.34804473294712	0.366100170566457	3.68217455583624	0.000231252978812948	0.00407915493797606
ENSG00000185215	TNFAIP2	1626.69713245766	10.912278715599	0.873556892233837	10.2022876756301	1.93656372165021e-24	2.54842564037159e-22
ENSG00000186088	GSAP	560.649916731567	4.23818021889729	0.298745215122405	7.49193662559663	6.78646920651615e-14	3.92078208756948e-12
ENSG00000186205	MTARC1	74.3554036390902	8.95950082286542	1.20181073167243	5.79084596222622	7.00327838153283e-09	2.3411564283104e-07
ENSG00000186340	THBS2	6972.74620354638	5.36581900382691	0.450461651246732	7.47193239316026	7.90256094744836e-14	4.54973482880699e-12
ENSG00000186417	GLDN	74.3933759706598	8.95453579821179	1.08464712781646	6.41179570743176	1.43815474811465e-10	5.62406695247384e-09
ENSG00000186854	TRABD2A	81.9985149770018	3.72819678948194	0.383608339932731	4.50510744835474	6.63393667589984e-06	0.000150681238387802
ENSG00000186897	C1QL4	41.1234530901005	4.89798628116467	0.568854894112378	5.09442093433439	3.49808780545659e-07	9.55548499213767e-06
ENSG00000187098	MITF	238.381083713861	6.24810718332234	0.503952652267085	8.42957600126079	3.46919901926321e-17	2.71333910086808e-15
ENSG00000187140	FOXD3	17.983447711626	6.90516443547529	1.27945944434287	3.83377875489801	0.000126189649784514	0.00236959295931712
ENSG00000187260	WDR86	35.1297653651982	4.6557406953157	0.772124803404013	3.43952257926117	0.000582741172315138	0.00954785709304081
ENSG00000187796	CARD9	47.3058269257454	3.31271419172239	0.323385805516651	4.05928203813757	4.92238304752231e-05	0.000980985977295282
ENSG00000187955	COL14A1	1722.38755521267	3.99430620342816	0.272794664140642	7.31064960420185	2.65853968437086e-13	1.44528677070666e-11
ENSG00000188338	SLC38A3	126.597135348263	10.1502439386821	1.28189055082009	6.35798737534029	2.04414266292506e-10	7.88230918464196e-09
ENSG00000188674	C2orf80	31.8546779727163	8.35372303298473	1.24235057849458	5.11427542512504	3.14947536374918e-07	8.6316447944339e-06
ENSG00000188677	PARVB	489.666267756816	4.55294566259268	0.365733420818865	6.98034556666086	2.94454880125943e-12	1.40297596763456e-10
ENSG00000188738	FSIP2	78.0676865120894	3.50175205972369	0.303861943804625	4.94221830124694	7.72386601350368e-07	1.98249879829573e-05
ENSG00000188906	LRRK2	100.479089339877	7.9084511519915	1.03169034475424	5.7269617594405	1.02245204498539e-08	3.3811287672134e-07
ENSG00000189143	CLDN4	216.414619490334	3.40925500213826	0.382313462742149	3.68612444884981	0.000227695038494592	0.00402925446454518
ENSG00000189157	FAM47E	27.3611446041431	5.70569978394884	0.732015199850268	5.06232628052919	4.14171405765009e-07	1.12395680507195e-05
ENSG00000189221	MAOA	102.896120468277	4.46037013277858	0.327173960758655	7.5200670831916	5.47481438469986e-14	3.23053015347717e-12
ENSG00000189431	RASSF10	18.4800342059323	8.28918881082399	1.26517478015529	4.97100393516542	6.66070973835037e-07	1.73377124288206e-05
ENSG00000196109	ZNF676	9.80471293419208	5.5121021455308	1.0010757294674	3.50832813357622	0.000450932488701504	0.00759077319305548
ENSG00000196126	HLA-DRB1	40.8637384565092	4.00638087864258	0.537722876350001	3.73125445631337	0.000190528657843057	0.00342641613416022
ENSG00000196196	HRCT1	130.189925624692	3.45496485110236	0.370284005644472	3.92932135583342	8.51859349551643e-05	0.0016500794246397
ENSG00000196208	GREB1	392.658878967978	4.38010435887962	0.549482970400358	4.33153434608803	1.48073843385947e-05	0.000320523811642609
ENSG00000196371	FUT4	60.9942614644368	5.12384312672549	0.748167472876731	4.17532603323986	2.97559578067844e-05	0.000612898802974275
ENSG00000196460	RFX8	107.947280309153	10.0635298856267	1.23163189255257	6.54702913620967	5.86929162586373e-11	2.41485668606567e-09
ENSG00000196482	ESRRG	56.3281351126943	4.76404706476698	0.473263097753083	5.84040268064398	5.20747982263536e-09	1.76575098035004e-07
ENSG00000196878	LAMB3	365.915733071692	4.93627691067784	0.367049489554952	7.99967577734022	1.2474724887813e-15	8.51207462406697e-14
ENSG00000197134	ZNF257	67.1202535829784	5.55389710297154	0.65528210008961	5.42346128863514	5.84558795476988e-08	1.75908700323121e-06
ENSG00000197162	ZNF785	222.756512252928	8.72746674559736	0.848302211337411	7.93050714201371	2.18252757284595e-15	1.43605117799043e-13
ENSG00000197249	SERPINA1	7.04564559572618	7.46926577165825	1.4037673461504	3.89613406142893	9.77403013836408e-05	0.00187573140884508
ENSG00000197576	HOXA4	86.3147882954416	10.4473733513863	1.19794955630087	7.05152675833096	1.7696518684255e-12	8.89169625162521e-11
ENSG00000197594	ENPP1	239.176677093901	6.30941465155391	0.51842253480243	8.3125527195615	9.36650173812065e-17	7.09159658994422e-15
ENSG00000197635	DPP4	558.858496857947	3.67232375814368	0.374007373361395	4.4713657463853	7.77216449604157e-06	0.000174857882644322
ENSG00000197705	KLHL14	28.1546450198897	8.01630727263657	1.22806896949715	4.89899787558349	9.63266857995803e-07	2.44219079089119e-05
ENSG00000197816	CCDC180	60.6696364069708	6.53568995469283	0.723104746886332	6.27252133833082	3.55247749487349e-10	1.35100067299306e-08
ENSG00000197956	S100A6	13363.6363000428	9.26472481852262	0.346060868349279	20.9926214806533	7.66022985787362e-98	4.23380904244675e-94
ENSG00000197959	DNM3	434.479734078106	3.46684144986236	0.318534172380757	4.60497358540541	4.12518218502663e-06	9.59321820616082e-05
ENSG00000198074	AKR1B10	81.3019977855981	8.3059752588303	1.19987563621012	5.2555240464321	1.47603565017343e-07	4.24898387422321e-06
ENSG00000198353	HOXC4	116.461901325278	10.3192047548707	1.19372615385509	6.9691065475982	3.18960076965028e-12	1.51538023958657e-10
ENSG00000198417	MT1F	79.6888114584494	6.38230443773883	0.592938221565814	7.39082804641294	1.45917223354461e-13	8.17382932581187e-12
ENSG00000198502	HLA-DRB5	27.3208605413383	6.70685382031341	0.903378994708636	5.21027591728707	1.88559997358712e-07	5.3444672071877e-06
ENSG00000198542	ITGBL1	458.025152543835	5.09691659704602	0.43779977921689	7.07381945825921	1.507263622362e-12	7.64279453283925e-11
ENSG00000198597	ZNF536	159.933251266564	3.52980466031938	0.415819325420104	3.67901289526122	0.000234138430506231	0.00412566346038663
ENSG00000198692	EIF1AY	46.9055558883351	9.32104734006488	1.22134624513805	5.99424394941941	2.04434293859467e-09	7.1513186212739e-08
ENSG00000198729	PPP1R14C	40.6084154270607	8.56910879859462	1.21214185586147	5.41942246019212	5.97918756587886e-08	1.79603096068546e-06
ENSG00000198797	BRINP2	96.4697822372256	3.92568210383978	0.461255901360236	4.17486713592384	2.98160016369245e-05	0.00061337360191296
ENSG00000198846	TOX	317.587807830541	6.47624679333434	0.368518015033967	12.1466159338825	5.97895169849937e-34	1.50207572898209e-31
ENSG00000198885	ITPRIPL1	110.79110845363	3.64097560878053	0.380227391479501	4.31577431177523	1.59044410951538e-05	0.000342482516621748
ENSG00000198914	POU3F3	1000.44565239213	12.3304801346269	1.21192085367204	8.52405510089727	1.54062279773642e-17	1.24005177714891e-15
ENSG00000198959	TGM2	506.96442442215	3.62626049734621	0.437282944771155	3.71901195048274	0.000200003590349913	0.00356970886070174
ENSG00000203797	DDO	145.235872035018	5.97222777379747	0.399342191425623	9.94692736977504	2.60089738133354e-23	3.05854464396393e-21
ENSG00000203805	PLPP4	5.49534176231029	6.95340285172226	1.42785494406341	3.46912189667235	0.000522162481171256	0.00867532675380821
ENSG00000203952	CCDC160	10.5753515094588	5.48710387158249	0.941511872866245	3.70372798482795	0.000212454068424842	0.00377567085589744
ENSG00000203995	ZYG11A	74.1358002791917	3.92410991389536	0.437066639583934	4.4023261892672	1.07096379378297e-05	0.000237401746854485
ENSG00000204252	HLA-DOA	14.4319075614574	4.33559646512871	0.654060140025068	3.57092004573035	0.000355729480966908	0.00606826185587686
ENSG00000204287	HLA-DRA	182.145913737316	4.99319194103601	0.443551561847272	6.74823898391921	1.49650315751943e-11	6.58183524000788e-10
ENSG00000204632	HLA-G	52.5524193835668	4.56022662140251	0.679650720747633	3.76697404011607	0.000165238175294042	0.00301741650280894
ENSG00000205364	MT1M	11.9745647037861	7.96391639977012	1.28259438703626	4.64988499875724	3.32120165567573e-06	7.82227906999421e-05
ENSG00000205517	RGL3	59.0555530876552	4.28160042962766	0.55853472452941	4.08497507751198	4.40815477529709e-05	0.000880621859387965
ENSG00000206262	FOXL2NB	43.0265506724556	8.00457643649973	1.19980446140583	5.00462919554747	5.59696637319895e-07	1.47541016588254e-05
ENSG00000213088	ACKR1	19.9185947044167	9.02595067435083	1.24262134180439	5.65413649193289	1.56631707465278e-08	5.11242193205073e-07
ENSG00000213949	ITGA1	130.981190151369	3.25858122643404	0.312904386269866	4.02225498158588	5.76436057844874e-05	0.00114192189666976
ENSG00000213973	ZNF99	7.60660148962113	6.562865442978	1.30402228534582	3.49907014186338	0.0004668837438488	0.00782750187740845
ENSG00000214575	CPEB1	36.3704221844054	5.29354767058102	0.897540478216357	3.66952549831084	0.000243001100057797	0.00426822165260416
ENSG00000214652	ZNF727	77.4507291165507	11.0116627833515	1.19933824045645	7.51386262804546	5.74078245393468e-14	3.36353052539544e-12
ENSG00000215612	HMX1	6.53417071732107	7.1779655396972	1.33356888428942	3.88278820891674	0.000103265507060429	0.00196358414285432
ENSG00000221890	NPTXR	797.975085047124	5.62869448906161	0.424590147458874	8.5463464255564	1.27046293038149e-17	1.03262479650272e-15
ENSG00000221946	FXYD7	218.932090865165	10.6607338704548	1.06221978794175	8.15342923260418	3.53747295579836e-16	2.53917052294773e-14
ENSG00000227051	C14orf132	959.013350911351	4.12788350611315	0.270928129851654	7.85405157920764	4.02808504872749e-15	2.59882016314983e-13
ENSG00000227234	SPANXB1	8.85894280960252	6.88050968326506	1.3090818728366	3.72819285373624	0.000192857772440437	0.00346454466395979
ENSG00000231389	HLA-DPA1	100.679749114076	5.61424961760471	0.393624467398854	9.18197398014498	4.23260119968456e-20	4.15270772141833e-18
ENSG00000235750	KIAA0040	123.00111116523	6.22457647093284	0.949026248994998	4.4514853782038	8.52783405621289e-06	0.000191081103359548
ENSG00000240204	SMKR1	60.4992527480526	3.76430198781383	0.453252127194304	3.8925398954774	9.92001799552592e-05	0.0019015470333389
ENSG00000240764	PCDHGC5	541.10409075871	4.74683171459512	0.26959395930869	10.1887732263687	2.22554821531595e-24	2.90565472111447e-22
ENSG00000242419	PCDHGC4	260.89847257331	3.29610770255053	0.27037023692096	4.79382537556987	1.63630720621555e-06	3.9958188197732e-05
ENSG00000242574	HLA-DMB	12.8673642642564	5.64012365206253	0.936783985080566	3.88576631329737	0.000102007597585717	0.00194412410984917
ENSG00000248713	C4orf54	68.5891510661452	4.27022875488709	0.593721714475298	3.82372532372916	0.000131450351090099	0.00246002062237576
ENSG00000250479	CHCHD10	326.990783071023	3.17691468904639	0.290707829532286	4.04844510359388	5.15590238097794e-05	0.00102260786338511
ENSG00000253293	HOXA10	97.9808899806972	9.17260518373036	1.18961439975137	6.02935302836735	1.64617342380337e-09	5.88258653881115e-08
ENSG00000253537	PCDHGA7	147.674775786946	4.085603719441	0.311222891588604	6.70131849490654	2.06547298129308e-11	8.80401221152201e-10
ENSG00000253958	CLDN23	21.5386236621487	7.64314757610432	1.27017125026985	4.44282420571669	8.8785705207786e-06	0.000198136713061952
ENSG00000254087	LYN	227.745408121206	4.5012488529469	0.361940072995111	6.91067123971288	4.82365774440008e-12	2.24665924325555e-10
ENSG00000256463	SALL3	44.1206301874868	9.2582851164598	1.20312606348708	6.03285502387237	1.61087925982838e-09	5.76889611386919e-08
ENSG00000257335	MGAM	27.3013852232324	9.48298326139487	1.25097619016872	5.98171517587848	2.20800123658829e-09	7.69135892938456e-08
ENSG00000260027	HOXB7	235.201286818425	6.07876163292532	1.05381203849006	3.87048305006036	0.00010861990956705	0.00205831625203573
ENSG00000261115	TMEM178B	516.689670346343	5.20323875809121	0.368179649383048	8.70020590073031	3.31282537249096e-18	2.80254885210575e-16
ENSG00000261934	PCDHGA9	176.000082726102	3.40218317155819	0.28657556585906	4.89289157418187	9.93651545232891e-07	2.50772241575442e-05
ENSG00000266964	FXYD1	38.5667275244257	4.18579553813393	0.475985473450186	4.59214757603874	4.38707954699278e-06	0.000101737295061101
ENSG00000269028	MTRNR2L12	992.787557365447	5.77337123853238	0.332595885109666	11.3452132376448	7.83350514228305e-30	1.47599259959313e-27
ENSG00000272398	CD24	157.766398479191	6.01049726764344	1.09325648834887	3.6683955781506	0.000244077342602096	0.0042780617523101
ENSG00000275895	U2AF1L5	33.9948627290288	4.98178311813847	0.792204301547001	3.7639067502104	0.000167279283324426	0.00304431808690653
ENSG00000276600	RAB7B	313.530007958058	4.36865154014749	0.355574492675868	6.66147766202872	2.710880073623e-11	1.14374306617667e-09
ENSG00000277586	NEFL	2303.77027364853	9.86135354590556	0.450414343414117	17.4536039112718	3.23182791315484e-68	4.12207220215541e-65
