EnsembleGeneName	external_gene_name	baseMean	log2FoldChange	lfcSE	stat	pvalue	padj
ENSG00000003096	KLHL13	658.101124514434	5.41326917736319	0.282626213280743	12.0769731078436	1.39770824033602e-33	1.10829223554604e-31
ENSG00000003989	SLC7A2	568.155121987194	11.4603797414342	0.851238153182304	11.1136697833234	1.07642866846969e-28	6.8351076167609e-27
ENSG00000004478	FKBP4	3718.68744415796	2.69907560476601	0.163198218640155	4.28359825610257	1.83894832496757e-05	0.000193843640233684
ENSG00000004776	HSPB6	331.410006395318	3.83683588619482	0.363140997743749	5.05818923670796	4.23256308001308e-07	5.19711790209927e-06
ENSG00000004799	PDK4	23.0730754292596	8.02792481440394	1.26021041101184	4.78326854129385	1.72467463952496e-06	2.01376296005486e-05
ENSG00000005513	SOX8	473.958083437208	4.94570828871648	0.543335552197773	5.42152685720858	5.90921166997119e-08	7.89446903570837e-07
ENSG00000007171	NOS2	670.187200551306	8.76284093550823	0.534976016859286	12.6413908705875	1.24826098277234e-36	1.11144042142042e-34
ENSG00000007174	DNAH9	722.926186639913	11.2447495177454	0.939794796147735	9.8369873462165	7.80119076031004e-23	3.5122988231023e-21
ENSG00000007237	GAS7	1437.57119561923	11.8768410646949	0.658662496841572	14.9952989764204	7.88070293638563e-51	1.21944313980693e-48
ENSG00000009950	MLXIPL	46.7424377251255	6.77918478611601	0.960542028225674	4.97550825021595	6.50766625019913e-07	7.84562667894658e-06
ENSG00000010278	CD9	2384.21034318773	3.49657086035033	0.299458934521285	4.99758293317495	5.80533741664108e-07	7.0308106190293e-06
ENSG00000010319	SEMA3G	17.6586887234593	6.69187210426924	1.0975634394384	4.27480720993218	1.91302758224133e-05	0.000201120274444342
ENSG00000010932	FMO1	14.9595619260801	4.40312279661574	0.634956196834517	3.78470642320866	0.000153890131250012	0.00145647322557167
ENSG00000011465	DCN	113.808025435793	3.05087036365755	0.322732138971974	3.25616893007613	0.00112926541599314	0.00958882908902433
ENSG00000015133	CCDC88C	325.120911986386	2.66449277446003	0.166293105089533	3.99591296405383	6.44454093246408e-05	0.000639956968109735
ENSG00000016391	CHDH	382.286721223358	4.96810706489251	0.291404979673841	10.1855056430903	2.30160211720385e-24	1.14993525216285e-22
ENSG00000025423	HSD17B6	30.9040084209186	5.75608388787225	0.717620045829866	5.23408440120797	1.65804681722346e-07	2.12940774962994e-06
ENSG00000026559	KCNG1	209.70383541084	5.09633349962062	0.623861729648998	4.9631726911069	6.93508672193306e-07	8.34199337163541e-06
ENSG00000034053	APBA2	672.284736129243	6.3873648961355	0.36991063683455	11.8606075610035	1.89594353919677e-32	1.42535604376029e-30
ENSG00000036672	USP2	81.8100657030663	5.60227965337097	0.579926524594892	6.21161388658217	5.24431611738509e-10	8.32509066522745e-09
ENSG00000037965	HOXC8	53.6931537155845	6.30157286750027	0.667476816411367	6.44452775248033	1.1596091498241e-10	1.94750796943062e-09
ENSG00000046774	MAGEC2	213.637793117594	8.85810679442793	1.2023799011159	5.70377697436816	1.1718137983376e-08	1.6440465068578e-07
ENSG00000050555	LAMC3	128.907164969596	6.37901479114695	0.388118159093053	11.2826846375334	1.59793775809736e-29	1.04806304479653e-27
ENSG00000050767	COL23A1	14.1415273424475	5.58401561704073	1.09562439570948	3.2712083001035	0.00107089001258574	0.00913696200245801
ENSG00000051523	CYBA	66.6014617872536	5.94432213901479	0.560437246680044	7.03793718633162	1.95106598810034e-12	3.89675309753675e-11
ENSG00000054690	PLEKHH1	145.629635585071	7.30801347143395	0.460801138130096	11.5190980060804	1.05711789866876e-30	7.35735592531998e-29
ENSG00000055118	KCNH2	411.817814295111	7.14124479257202	0.336815099197973	15.2642942813858	1.32250857550292e-52	2.17300429653254e-50
ENSG00000058866	DGKG	187.148569685752	4.7323694009659	0.506768492396859	5.39175075396388	6.97745053820724e-08	9.24410695577282e-07
ENSG00000060656	PTPRU	229.451422920885	4.29409744733147	0.352371150178893	6.5104576415146	7.49221941846302e-11	1.2784902900585e-09
ENSG00000062282	DGAT2	33.0028553705193	7.6162696950111	1.14058751508138	4.92401470360683	8.47864615533596e-07	1.01298847394111e-05
ENSG00000064655	EYA2	216.541865490531	9.32995841450164	0.677365991422878	10.8212672429927	2.72976561004341e-27	1.62947581621243e-25
ENSG00000064886	CHI3L2	275.684594359956	9.91436833954579	1.00721583144874	7.85766872643581	3.91348658172606e-15	9.73060048978938e-14
ENSG00000066735	KIF26A	108.330078794222	4.56069932579049	0.339855621720944	7.5346681417943	4.89578294397687e-14	1.09591276068965e-12
ENSG00000067606	PRKCZ	70.9715057234963	3.17500924512712	0.332700599157917	3.53173167737338	0.000412848039232611	0.00371539923731753
ENSG00000068615	REEP1	76.7782502354954	5.22935095914956	0.825051395342592	3.91412095946897	9.07341454559718e-05	0.000884477559802617
ENSG00000069011	PITX1	928.289978114419	8.58761831397378	0.665638593943152	9.89668924536006	4.30283876070747e-23	1.98778678748277e-21
ENSG00000069535	MAOB	164.362901328435	10.5822894482923	1.21893833536605	7.04079049717888	1.91152235862707e-12	3.82256503786679e-11
ENSG00000069998	HDHD5	987.616506328317	2.58978402910769	0.116561845346554	5.05983778271686	4.19613310481507e-07	5.15635847529241e-06
ENSG00000071246	VASH1	1237.65138196916	2.9385414738385	0.233864627547577	4.0131826847032	5.99055144856816e-05	0.000596361080495186
ENSG00000072182	ASIC4	57.8984346881934	8.51367298430338	1.2059118228741	5.40145047154367	6.61041916874022e-08	8.79439571881316e-07
ENSG00000073464	CLCN4	234.74498224484	2.77580710473968	0.205477808215725	3.77562478146145	0.000159607099225446	0.00150878881818218
ENSG00000073849	ST6GAL1	299.441598801487	6.94458161822159	0.350056511734704	14.1250953845102	2.66039397541201e-45	3.44726497399322e-43
ENSG00000074370	ATP2A3	40.5750159331079	3.81518165608405	0.436599914936799	4.15754010475886	3.21692814225272e-05	0.000329289177946754
ENSG00000074706	IPCEF1	65.6597449641656	9.86148785079237	1.27038304509757	6.1882814645	6.0823654525279e-10	9.59809312696927e-09
ENSG00000075043	KCNQ2	285.56260889743	10.0322521169912	0.808796078573938	9.93112149004676	3.04807780185757e-23	1.42883129429429e-21
ENSG00000075340	ADD2	995.712049406286	11.5532522272045	1.03413010254503	9.2379597148305	2.51242065212854e-20	9.3997559515551e-19
ENSG00000076554	TPD52	695.404092622667	8.62122040901414	0.420022621265044	15.7639614482478	5.50701518568889e-56	1.05747961481337e-53
ENSG00000076864	RAP1GAP	74.7445986032786	3.96747672289967	0.589862045964156	3.33548621471948	0.00085150375480085	0.00735968917788284
ENSG00000077522	ACTN2	19.1755576618782	7.98773935306585	1.24790363515552	4.79823856937448	1.60067056466268e-06	1.87999170667603e-05
ENSG00000078549	ADCYAP1R1	97.5238457606454	8.4865607843091	0.775931440779976	8.35970865903916	6.28733298028692e-17	1.7862301789628e-15
ENSG00000080493	SLC4A4	127.459837725602	4.10129896237133	0.559284394223081	3.75712067791613	0.000171879621258283	0.00161808470384791
ENSG00000080709	KCNN2	7.5118194728122	7.55259371394847	1.34494948309419	4.12847752554555	3.65173124430048e-05	0.000371418586928277
ENSG00000084628	NKAIN1	82.0818475148469	5.19204709737977	0.388262920305647	8.2213544751246	2.01217561610913e-16	5.49074382387548e-15
ENSG00000086300	SNX10	92.9872509559435	7.61548597811203	1.21781331290186	4.61112217991047	4.00501043693129e-06	4.53351252441838e-05
ENSG00000087258	GNAO1	99.9551619695082	5.67045849450465	0.55328791285567	6.63390327028907	3.2692411523406e-11	5.79590272369349e-10
ENSG00000087842	PIR	1496.76586164422	3.03239084282861	0.123087398647883	8.38746170744883	4.96750907175032e-17	1.4239597047762e-15
ENSG00000089041	P2RX7	253.036242671828	5.24163244496066	0.390279589013493	8.30592358968735	9.90459614165573e-17	2.76946409308262e-15
ENSG00000089820	ARHGAP4	245.643709780421	4.4808068492096	0.348475424441572	7.11902956481096	1.08689596505169e-12	2.20113696200683e-11
ENSG00000090534	THPO	47.1778332691102	6.56037235203802	0.605626529624612	7.53000756896283	5.07373816904308e-14	1.13098236277215e-12
ENSG00000090539	CHRD	134.981674645727	3.25468009363625	0.209275645074011	5.99534691766224	2.03051494500509e-09	3.07626874462843e-08
ENSG00000091127	PUS7	838.11931412992	2.83323618801784	0.243825308437514	3.41734905764048	0.000632341478065073	0.00557425800741214
ENSG00000091428	RAPGEF4	62.9621124859763	3.99156532577758	0.463865950006134	4.29340701931504	1.75952019524115e-05	0.000186086482227959
ENSG00000091592	NLRP1	44.9146548539909	5.70565263897137	0.680465293399549	5.44576288447899	5.15838159787553e-08	6.9313966805444e-07
ENSG00000091651	ORC6	909.595169299054	3.06049625758512	0.291799228135362	3.6343353762854	0.000278698141184895	0.00256312231633286
ENSG00000092054	MYH7	24.6188822379511	6.07396372354497	0.77847754887407	5.2332449785318	1.66559752358306e-07	2.1356631802789e-06
ENSG00000092068	SLC7A8	146.901685516563	5.03788073920221	0.473762156129749	6.41224863551622	1.43388726663253e-10	2.38303391611985e-09
ENSG00000093217	XYLB	196.446313316097	3.2111693187729	0.353495752962209	3.42626271637944	0.000611948178305405	0.00540944540534195
ENSG00000095303	PTGS1	68.7177460813065	5.96266995996065	0.528449469883927	7.49867335628332	6.44669524320477e-14	1.4290323892378e-12
ENSG00000099399	MAGEB2	116.88497639125	11.6223831322325	1.19666541909833	8.04099707291856	8.91103867293035e-16	2.32065579034582e-14
ENSG00000099954	CECR2	299.170175243769	4.27318677516129	0.169510718628515	13.4102833941906	5.26373001545764e-41	5.6304247641855e-39
ENSG00000100060	MFNG	232.145543286436	6.39771347445882	0.33631512548883	13.0761691674343	4.50582280167136e-39	4.40575483515571e-37
ENSG00000100167	SEPTIN3	132.178480689033	3.9923032543144	0.3546615465972	5.61747748925575	1.93765408718162e-08	2.68542007317397e-07
ENSG00000100206	DMC1	18.4977567898489	7.46855025070101	1.24971254764093	4.37584647847533	1.20962131530907e-05	0.000130175182467225
ENSG00000100285	NEFH	363.616054518966	3.51276706507261	0.232141918593102	6.51656139589413	7.19373733639209e-11	1.22887230082977e-09
ENSG00000100302	RASD2	65.1486803701758	8.37696017183425	1.23714061656016	5.1545960794378	2.54178212293648e-07	3.18732678799068e-06
ENSG00000100304	TTLL12	2186.59199237669	3.36752696873226	0.198212373913739	6.89930170216014	5.22587795182434e-12	9.95102064470446e-11
ENSG00000100336	APOL4	66.6299524589007	3.34673769806265	0.324105858534606	4.15524021735281	3.24945962374422e-05	0.000332199406563409
ENSG00000100385	IL2RB	33.460089534185	8.71257740943823	1.27801587776086	5.25234273395645	1.50176677450374e-07	1.93493604301056e-06
ENSG00000100427	MLC1	941.82349562723	7.7591032479292	0.926331383989063	6.21710906860216	5.06397785310228e-10	8.07096790227442e-09
ENSG00000101003	GINS1	1230.12953277483	3.16910060140983	0.333193111947367	3.50877782129693	0.000450170794311851	0.00403533302572682
ENSG00000101166	PRELID3B	2398.58031598465	2.42022053274978	0.100515788097969	4.18064207326524	2.90687121019385e-05	0.000298708661173885
ENSG00000101187	SLCO4A1	411.021183919922	3.85709083185651	0.466898770032138	3.97750208622028	6.96430120021963e-05	0.000688994615326508
ENSG00000101194	SLC17A9	283.746627664059	10.8455103329436	1.10238140455942	8.0240017623291	1.02354832930013e-15	2.64397297769618e-14
ENSG00000101361	NOP56	3698.17765772637	2.579925623219	0.15375217296902	3.77182066451738	0.00016206071853053	0.00153016808764193
ENSG00000102010	BMX	383.067496391446	13.3206672639104	1.19982610691601	9.4352566581574	3.90038177590094e-21	1.5658510011161e-19
ENSG00000102048	ASB9	109.126611237268	6.82396638111078	0.72880309351147	6.61902566558585	3.61574078125312e-11	6.35365783589992e-10
ENSG00000102271	KLHL4	1608.19634423625	3.21842260779135	0.371547576606052	3.27931787073187	0.00104058353822344	0.00888789948135323
ENSG00000102287	GABRE	737.821200528409	10.1663816936359	1.03382497537106	7.89919172798556	2.80717798039899e-15	7.06805729093193e-14
ENSG00000102445	RUBCNL	168.594194012685	5.40297910343572	0.477821438183179	7.12186359066447	1.06477413455079e-12	2.16458803016206e-11
ENSG00000102924	CBLN1	476.209284851034	10.7876306608779	0.749356099621653	11.7269088292132	9.27855858914257e-32	6.72189394517065e-30
ENSG00000103449	SALL1	2274.96805301245	2.86461576212857	0.256533854749336	3.3703768376825	0.000750654532421308	0.00655198901299606
ENSG00000103489	XYLT1	960.370569334597	6.93505900760737	0.298502601908433	16.532716887745	2.1330833565278e-61	4.99957096122647e-59
ENSG00000103522	IL21R	66.7007308483847	4.61390569459273	0.451656144007108	5.78737991119101	7.14927630199286e-09	1.02376608895923e-07
ENSG00000103550	KNOP1	736.083868657007	2.76315842472892	0.153276685678072	4.97895959423198	6.39269856804822e-07	7.71285615272918e-06
ENSG00000103740	ACSBG1	76.3990518777291	6.55706093827949	0.763081012734647	5.971922852527	2.34473410988373e-09	3.52672304442766e-08
ENSG00000104112	SCG3	15.0714464032226	8.3226833791246	1.30557358169452	4.84283955173042	1.27996643715324e-06	1.51173704720664e-05
ENSG00000104267	CA2	204.837088794001	4.0578434415773	0.264649992467828	7.77571698524595	7.50212643070286e-15	1.82547925271057e-13
ENSG00000104313	EYA1	226.412893989069	7.24110548331549	0.379998162913995	13.7924495295566	2.82985347399943e-43	3.36583616929873e-41
ENSG00000104332	SFRP1	1042.57815703435	8.98639232563239	0.373029418115879	18.7287972110074	2.88357334135166e-78	1.12093638815763e-75
ENSG00000104341	LAPTM4B	3529.09011549332	2.84873504902151	0.148127206022482	5.72977153766539	1.00565986697771e-08	1.42094033332364e-07
ENSG00000104369	JPH1	443.314456100459	10.8276196572181	1.03421328443121	8.53558911890506	1.39443075834743e-17	4.14635026614578e-16
ENSG00000104419	NDRG1	606.364524794861	4.88139961254401	0.366299627069183	7.86623681710657	3.65468407035591e-15	9.11554846844015e-14
ENSG00000104833	TUBB4A	253.078372708035	4.74622995303136	0.337359643310554	8.14036298498021	3.94094588808126e-16	1.04510475148485e-14
ENSG00000105173	CCNE1	331.184369714396	2.82201603223997	0.250912743224869	3.27610316508826	0.00105250107266986	0.00898487525239003
ENSG00000105357	MYH14	261.75547318525	11.7323548994359	1.18481900171124	8.2142123694669	2.13561336768472e-16	5.78867446499303e-15
ENSG00000105472	CLEC11A	199.765754275862	4.65749817377413	0.24965342268809	10.6447496099196	1.84479581173688e-26	1.04634717606628e-24
ENSG00000105889	STEAP1B	91.7948604775406	7.10686614641975	0.669451583433197	7.6284323957079	2.37625398154852e-14	5.48085903877284e-13
ENSG00000105894	PTN	6230.43312220278	3.69553277234436	0.242005273318632	7.00618110131829	2.44910867133538e-12	4.80121697463018e-11
ENSG00000105991	HOXA1	31.2951983312135	6.139039804495	1.22586057260622	3.37643602950315	0.000734314456268498	0.00642343787267141
ENSG00000105996	HOXA2	123.417716314294	5.94280172017678	1.21154080288954	3.25436973379118	0.00113644266430306	0.00964463428310016
ENSG00000105997	HOXA3	322.287780261633	8.31239597910626	1.18780606150794	5.31433218238721	1.07049183898811e-07	1.39163939068454e-06
ENSG00000106004	HOXA5	105.291064420291	7.89664957767813	1.19486752053405	4.93498189242154	8.01581962891909e-07	9.59850738134578e-06
ENSG00000106006	HOXA6	32.4170849513534	7.44218033465778	1.22061118930412	4.45856992164754	8.25082827679807e-06	9.03171023870931e-05
ENSG00000106236	NPTX2	251.673208443604	3.15673840632049	0.333502447874842	3.46845552016636	0.000523459172819495	0.00466083368513805
ENSG00000106278	PTPRZ1	8701.54957809444	3.59948938313052	0.44060409507732	3.63021905833587	0.000283180783636203	0.00260284621083841
ENSG00000106348	IMPDH1	1316.06710660223	3.27325045155411	0.222327997780083	5.72690108428698	1.02281764940298e-08	1.4413499289288e-07
ENSG00000106789	CORO2A	126.8121357693	3.79841029862207	0.344546766588462	5.21964062071769	1.79270655389747e-07	2.28943566153989e-06
ENSG00000106852	LHX6	7.51112451144234	7.1491003587794	1.52867470019665	3.36834275998486	0.000756215185048648	0.00659330285519987
ENSG00000106991	ENG	1029.82398566327	3.37679464460894	0.155251853801741	8.868136585133	7.43800633553945e-19	2.49048203730731e-17
ENSG00000107719	PALD1	326.379419805447	2.85234170498518	0.253431530838525	3.36320307960515	0.000770436651078191	0.00670263064677086
ENSG00000107807	TLX1	124.697294679085	11.7127567943336	1.19650516796393	8.11760538474032	4.75471878833379e-16	1.250506733473e-14
ENSG00000107815	TWNK	600.428696395272	3.28791699268035	0.177773906939148	7.24469082586568	4.33426770472067e-13	9.1496104209057e-12
ENSG00000108179	PPIF	2165.088234254	2.59446409985983	0.171842214970818	3.45936008774548	0.000541460501240441	0.00480768661212821
ENSG00000110675	ELMOD1	211.168428068844	9.3533379973118	1.30069019330679	5.65341234611539	1.5729334320459e-08	2.19138225873668e-07
ENSG00000110719	TCIRG1	728.493930819786	3.09078828629689	0.260246264539562	4.19136961764564	2.77275515043692e-05	0.00028640422286237
ENSG00000111644	ACRBP	21.2413637545514	4.43564967097353	0.638545542018699	3.81437111482051	0.000136530167887974	0.00130300468011888
ENSG00000111846	GCNT2	232.02764582568	4.87336199293134	0.322302547197678	8.91510792550148	4.87341372100174e-19	1.65612937921803e-17
ENSG00000112164	GLP1R	33.4947011448805	9.81274178975371	1.25828204414072	6.20905450104314	5.33043353080433e-10	8.45337807104074e-09
ENSG00000112182	BACH2	138.762266414003	4.74420363482999	0.424871809361947	6.45889789428748	1.05468240038777e-10	1.78047294411427e-09
ENSG00000112218	GPR63	109.101783616377	4.71278007075794	0.386535214663077	7.01819644847244	2.24750402894384e-12	4.43325732837957e-11
ENSG00000112319	EYA4	1152.62951755624	5.07995243818515	0.298012337238472	10.3349829967628	4.89498901070755e-25	2.54124869226896e-23
ENSG00000112379	ARFGEF3	314.740133325647	6.76696655451884	0.689671279854271	6.91194007024058	4.78069833922789e-12	9.15802525608343e-11
ENSG00000112394	SLC16A10	24.0060493232023	5.47394481366774	0.784187508216727	4.4299925429412	9.42363467693703e-06	0.000102451493506837
ENSG00000112539	C6orf118	14.5302421493757	6.72053103893176	1.13322397031677	4.1655764108239	3.10566878915329e-05	0.000318316071778297
ENSG00000112559	MDFI	299.809440448755	3.96390016969241	0.19476191211823	10.0835946224446	6.52928060589886e-24	3.2019592091328e-22
ENSG00000112759	SLC29A1	822.293967011887	3.38894714916253	0.212257139673655	6.54370049129106	6.00149335463097e-11	1.03519265244706e-09
ENSG00000113356	POLR3G	459.210457833338	4.26662688057096	0.21619314330407	10.4842681221532	1.02032553996082e-25	5.62697178404691e-24
ENSG00000113361	CDH6	1182.6363174293	6.68894132640156	0.326268958431215	14.3713988267446	7.82349486393789e-47	1.09377948369686e-44
ENSG00000114631	PODXL2	397.490448258521	3.37999238911513	0.191605773636507	7.2022484652947	5.92276366402746e-13	1.23556292247735e-11
ENSG00000114767	RRP9	625.719742685931	2.93215465990906	0.251810938947297	3.70180367781464	0.00021407223602247	0.00199175907631414
ENSG00000114805	PLCH1	494.64452804675	4.02030628717182	0.479537115169363	4.21303424336255	2.51962846105183e-05	0.000261444260496381
ENSG00000115041	KCNIP3	177.714791564949	4.30827406646238	0.348163702017412	6.6298527189573	3.36021974095124e-11	5.94397139081919e-10
ENSG00000115423	DNAH6	18.1244596500785	4.83022785297325	0.724752218446102	3.90509719175662	9.41875231157849e-05	0.000915900392568261
ENSG00000116016	EPAS1	2565.93625658073	4.01964416879868	0.229425073035349	8.80306647428852	1.33127653291488e-18	4.34792733229455e-17
ENSG00000116035	VAX2	49.0232614922137	3.33102192688833	0.322772367585197	4.12371708534498	3.7280676451212e-05	0.000378940957448607
ENSG00000116141	MARK1	335.29701182136	3.59653777308835	0.213957121180584	7.46195202234395	8.52499299910138e-14	1.87667594502317e-12
ENSG00000116329	OPRD1	213.069580172732	8.40601578001077	0.609014998807333	10.5186502673268	7.08816821087833e-26	3.93627961480763e-24
ENSG00000116396	KCNC4	149.183361240189	4.47731798349771	0.392900093500967	6.30521097977702	2.87801584520456e-10	4.67106074754279e-09
ENSG00000116711	PLA2G4A	154.349669768531	3.91937573362333	0.431545536937957	4.44767833133512	8.68033869368456e-06	9.48883663236931e-05
ENSG00000116852	KIF21B	20.6365005017526	5.15130795732737	0.713181604640259	4.41866130144642	9.93141446349612e-06	0.000107898352910158
ENSG00000116985	BMP8B	37.086789989123	4.60460007031646	0.662679197709537	3.93040867937143	8.48015980229652e-05	0.000829182741895717
ENSG00000117148	ACTL8	11.6421269089937	8.23285272522217	1.30298930377186	4.78350260219287	1.72266660469755e-06	2.01289298721918e-05
ENSG00000117280	RAB29	636.672766364192	3.65108483974919	0.216404968406173	7.62960689816627	2.35470610084169e-14	5.43909317085947e-13
ENSG00000117643	MAN1C1	526.636289962311	2.85680433363706	0.226347851086983	3.78534335326116	0.000153496498923893	0.00145361093276828
ENSG00000117676	RPS6KA1	541.409384126411	3.0346492592467	0.250953321422627	4.12287533546633	3.741722244289e-05	0.000380086482660791
ENSG00000117707	PROX1	565.986504069017	5.17817395558486	0.204828000884185	15.5163060805436	2.69102909978933e-54	4.7655135324936e-52
ENSG00000118004	COLEC11	21.5312609272997	7.236698054845	1.07472005648601	4.87261591820231	1.1013019841845e-06	1.30696582456683e-05
ENSG00000118298	CA14	140.277196177766	5.02200024950178	0.430992421939654	7.01172479066211	2.35397900077967e-12	4.62610571078007e-11
ENSG00000118513	MYB	88.8042247922917	3.18541387383264	0.361024630555956	3.28347091445583	0.00102537224908218	0.00876267179939504
ENSG00000119042	SATB2	1342.61058237386	2.35604914305417	0.0999216315411048	3.56328392123686	0.000366244181619939	0.00331282620128183
ENSG00000119125	GDA	73.0218442337596	6.8557570288332	1.26106540244769	3.85051958400279	0.00011786750427555	0.00113303515268017
ENSG00000119514	GALNT12	95.8744372136391	3.93259518970366	0.429362977972649	4.5010755208307	6.76104762998502e-06	7.4727862085091e-05
ENSG00000119599	DCAF4	851.311383208563	4.85608322798905	0.179754070633928	15.8888375540909	7.57187024118717e-57	1.48988231980298e-54
ENSG00000119630	PGF	43.6184086001918	4.89419686355818	0.591348378127384	4.89423319756655	9.86897613083682e-07	1.17469560547631e-05
ENSG00000119703	ZC2HC1C	39.9595013445635	4.39985115469576	0.451118008833748	5.3197857494095	1.03889522496318e-07	1.35277059603457e-06
ENSG00000119771	KLHL29	226.694884206425	5.64497359416626	0.355057718169476	10.2658621616738	1.00419913224202e-24	5.0809288157693e-23
ENSG00000120057	SFRP5	9.44857701464196	7.60917789137072	1.36492727534757	4.10950677935744	3.96505075051622e-05	0.000401748117366354
ENSG00000120093	HOXB3	2702.85375715868	8.53808751010829	0.528316326696037	12.3753273933363	3.55441964127388e-35	3.04571721734533e-33
ENSG00000121361	KCNJ8	43.4796263489626	6.85470889825161	0.733402360983391	6.61943451033088	3.60575540449762e-11	6.34310481643301e-10
ENSG00000121743	GJA3	148.293733622809	3.62867665046446	0.342309207658594	4.75791072523189	1.95606967642043e-06	2.26898387938783e-05
ENSG00000121904	CSMD2	594.647683396415	6.83889789832616	0.664142401474019	7.2859342929868	3.194486517564e-13	6.81575985501137e-12
ENSG00000122756	CNTFR	107.862072383209	9.44711749847363	1.12961441084075	6.59261906275687	4.32134370412938e-11	7.51074983167002e-10
ENSG00000122824	NUDT10	126.700287189359	5.05107071817282	0.307029758054073	9.93737785389348	2.86263138303646e-23	1.34585896704528e-21
ENSG00000123560	PLP1	1537.93445293897	5.92032736728517	0.377587286333361	10.3825724784177	2.97644885426106e-25	1.58128806130709e-23
ENSG00000124092	CTCFL	5.78227181361525	7.23733219168709	1.45321355515034	3.60396596434531	0.000313398114418264	0.00286900582860327
ENSG00000124406	ATP8A1	201.081192774634	6.1057335196107	0.351485924991477	11.6810751944342	1.59268057259513e-31	1.1383023751579e-29
ENSG00000124479	NDP	111.957892342393	9.21896599295472	1.3240228107906	5.45229729738881	4.97232359362015e-08	6.68767033207746e-07
ENSG00000124613	ZNF391	137.205629669978	3.574203102258	0.394368205499077	3.99170896717151	6.5598847999432e-05	0.000650600148982543
ENSG00000124920	MYRF	784.138659234929	5.43698540837814	0.24211637969224	14.1955922715637	9.75586981380833e-46	1.29574210910398e-43
ENSG00000125355	TMEM255A	499.668048301447	3.84882208376957	0.4857754456395	3.80591917595935	0.00014127851704155	0.00134269350304605
ENSG00000125454	SLC25A19	262.658092701177	2.723900592903	0.170651441694655	4.24198345888145	2.21553024497038e-05	0.00023124506250385
ENSG00000125462	MIR9-1HG	135.233773890094	10.7850365883207	1.19154233300962	7.37282792641644	1.67046043757372e-13	3.61245569254408e-12
ENSG00000125848	FLRT3	548.679617377286	3.42228705471346	0.315864554414182	4.50283843133747	6.70518589981709e-06	7.41750581105542e-05
ENSG00000125931	CITED1	11.1094287639317	4.54296815633561	0.779653254341398	3.26166554449099	0.00110759739255926	0.00942492645093939
ENSG00000126602	TRAP1	2203.1373697028	2.94174249643977	0.184601796261553	5.10148067630644	3.37006435064236e-07	4.16050237184647e-06
ENSG00000126822	PLEKHG3	375.171275709184	3.43846068003088	0.223105627799181	6.4474423806362	1.13753395789583e-10	1.91446844994126e-09
ENSG00000126878	AIF1L	2290.68342752656	8.11603475167795	0.274398029995993	22.2889164028155	4.73309474647262e-110	3.42891200314912e-107
ENSG00000126953	TIMM8A	274.178192832009	2.80595406137566	0.208576189764033	3.86407510026652	0.000111510912436498	0.00107517297181664
ENSG00000127863	TNFRSF19	443.648365530879	2.84029914770084	0.185376993790495	4.53292035068015	5.81737552751045e-06	6.4701556983574e-05
ENSG00000128268	MGAT3	60.0972869669177	5.14889364002007	0.510567702709313	6.16743601937717	6.94061810948701e-10	1.08984799437442e-08
ENSG00000128487	SPECC1	2092.98067171421	2.80048179830359	0.125288364482532	6.38911523515976	1.6684829364168e-10	2.75853537765674e-09
ENSG00000128564	VGF	1448.89123042389	6.37478784491954	0.418697814204889	10.448556683362	1.48772001770404e-25	8.09258759118326e-24
ENSG00000128805	ARHGAP22	121.952109572257	3.33581648187809	0.356275612223866	3.74939074145419	0.000177264705422243	0.00166681113570484
ENSG00000129151	BBOX1	30.9781203742448	5.04908405406144	0.7715993509706	3.95164154846162	7.76169407718732e-05	0.000763145467009325
ENSG00000129159	KCNC1	28.4308428690465	4.54481863348296	0.491269349546819	5.18008834833778	2.21780835403055e-07	2.80757978924058e-06
ENSG00000129521	EGLN3	220.931281081687	6.8808852989394	0.763896707190855	6.38945717790604	1.66475647652485e-10	2.75523247381651e-09
ENSG00000129910	CDH15	53.9880764902159	6.38105054816385	0.72678539792493	6.02798372211706	1.66017766576846e-09	2.53447429473349e-08
ENSG00000130038	CRACR2A	182.717465778729	8.14239347426981	0.54107993165101	11.3520999670555	7.24026047640795e-30	4.82825403652677e-28
ENSG00000130052	STARD8	65.2170794415765	4.26568904030681	0.548651860660407	4.12955683332527	3.63463150277033e-05	0.000369915433532271
ENSG00000130054	FAM155B	88.9070009375553	11.2263773092045	1.20580993995474	7.65160163595168	1.98491335946623e-14	4.63185199460803e-13
ENSG00000130208	APOC1	45.1170153989755	3.44080420468047	0.431369585800522	3.34006905472177	0.000837575605458427	0.00725110266148637
ENSG00000130287	NCAN	209.280235807243	8.99706221085652	0.676317633946432	10.3458225242885	4.37146166528176e-25	2.28433954168068e-23
ENSG00000130475	FCHO1	208.468239508067	4.36118621354793	0.352634040006092	6.69585447141499	2.14415024613054e-11	3.87454270100097e-10
ENSG00000130477	UNC13A	863.409732700387	3.87772564701985	0.278508845533657	6.74206825791078	1.56147689054126e-11	2.85726965343818e-10
ENSG00000130540	SULT4A1	26.941475366392	4.63860543486374	0.70437624972709	3.74601704115671	0.000179664391763411	0.00168837917212573
ENSG00000130592	LSP1	128.162242097856	3.35282664488737	0.35506408080463	3.81009152438529	0.000138915355414989	0.00132339087543581
ENSG00000130826	DKC1	2797.19314414476	2.76992465722829	0.180551655133295	4.26429022021363	2.00538651374718e-05	0.000210275330632254
ENSG00000130829	DUSP9	56.6152980228653	7.2068227048831	0.950739206234129	5.47660459434222	4.33564543218829e-08	5.87597932807968e-07
ENSG00000131095	GFAP	1126.12048459359	4.45384321365173	0.737733962653247	3.32618984332309	0.000880419418341457	0.00758903444539002
ENSG00000131187	F12	41.4087108022006	5.28741933374654	0.59275733520021	5.5459783262508	2.92315036261323e-08	3.99060063477357e-07
ENSG00000132164	SLC6A11	32.3259132011731	8.73425435222283	1.24711406404011	5.3998704259711	6.66890469854979e-08	8.86480426067444e-07
ENSG00000132182	NUP210	3247.18839127195	2.78028934936034	0.139672398356353	5.58656798725221	2.31600904039687e-08	3.1931273430662e-07
ENSG00000132205	EMILIN2	549.960453389323	4.60237362867646	0.337211663667565	7.71732982297426	1.18791974000642e-14	2.84707741597327e-13
ENSG00000132432	SEC61G	4262.144504054	4.13209773288287	0.144087233540878	14.7972702403088	1.52549072852433e-49	2.27226833936642e-47
ENSG00000132561	MATN2	771.060912637899	4.05129089800049	0.368391628728498	5.56823428664899	2.5733367009207e-08	3.53263052017865e-07
ENSG00000132639	SNAP25	465.324524223546	5.49918740684485	0.624600330036987	5.60228235332126	2.11547581537948e-08	2.92423708113774e-07
ENSG00000132692	BCAN	153.193842999676	3.40242930218534	0.325838511237547	4.30406245369482	1.67694356901387e-05	0.00017794358590508
ENSG00000132749	TESMIN	50.0350872283836	4.04420103423833	0.554534853290978	3.68633463182103	0.000227507159467952	0.00211305892051295
ENSG00000133048	CHI3L1	110.602329639977	7.09762259179791	1.31087781777796	3.88870917080493	0.000100778793464566	0.000977609501057976
ENSG00000133135	RNF128	68.1293722866189	8.3232863480667	1.22565798095179	5.1590953156086	2.48145964796662e-07	3.12150780341689e-06
ENSG00000133169	BEX1	893.472460847132	3.59502782031932	0.303410801847269	5.2569908869699	1.46431565700605e-07	1.88820897583839e-06
ENSG00000133937	GSC	58.2284647168583	6.77326048330484	1.04417266173552	4.57133255660151	4.8463245687064e-06	5.43948739267906e-05
ENSG00000134215	VAV3	298.972619878966	9.06945482221853	1.29822049657734	5.44549623184705	5.16611570745982e-08	6.9313966805444e-07
ENSG00000135373	EHF	48.5713450678935	6.65469396155792	1.28342581583368	3.62677289496032	0.000286985494376162	0.00263477811599497
ENSG00000135457	TFCP2	571.673146449605	8.10831753502422	0.728531263588281	8.38442746429101	5.0973240957482e-17	1.45854849978519e-15
ENSG00000135519	KCNH3	80.9848738012249	4.09058163495213	0.307635707436168	6.7956403772989	1.07832459856162e-11	2.00306963308567e-10
ENSG00000135547	HEY2	11.0982084309851	6.96578288916977	1.26527262635668	3.92467424468719	8.68471791039913e-05	0.000847624213447283
ENSG00000135549	PKIB	50.0375976426521	6.69780861128306	0.675416462019059	6.9554250976348	3.51500499933288e-12	6.7879306163751e-11
ENSG00000136160	EDNRB	679.62571347678	4.95877953457604	0.552999416903056	5.35042071318266	8.77499919758258e-08	1.1491860083079e-06
ENSG00000136237	RAPGEF5	272.157836663401	6.92078586602794	0.388383902491512	12.6699016989652	8.68231308932965e-37	7.77408460773797e-35
ENSG00000136630	HLX	20.8824224969463	6.45681326770957	1.21983970471294	3.65360567498365	0.000258583292471851	0.00238777550139998
ENSG00000136826	KLF4	148.501999817918	4.56373865002883	0.726760601646433	3.52762470092742	0.000419306202928907	0.00377130997884602
ENSG00000136928	GABBR2	959.59948220801	7.34944383436557	1.02236256366685	5.23243321349621	1.67293106232504e-07	2.14334206361225e-06
ENSG00000136943	CTSV	175.183852633843	3.02326584362482	0.260206129999497	3.93252012789552	8.40599387562156e-05	0.000822435422895374
ENSG00000136944	LMX1B	10.1169710394772	8.04779231444187	1.29729568092754	4.66184571748349	3.13386090076699e-06	3.57022695042347e-05
ENSG00000136997	MYC	7641.20461662829	6.55941769785878	0.400193846699362	11.3930229948887	4.529958315121e-30	3.05925744179655e-28
ENSG00000137124	ALDH1B1	888.116155220794	3.24598607500183	0.247226060362221	5.03986542994813	4.65859298671463e-07	5.70704496712205e-06
ENSG00000137142	IGFBPL1	409.17028784354	5.37756461148077	0.449701072461077	7.51068836237455	5.88172579667631e-14	1.30561205776361e-12
ENSG00000137203	TFAP2A	508.917762484364	3.6673526487174	0.24476481834021	6.81206008291544	9.6210905427175e-12	1.79346129906236e-10
ENSG00000137561	TTPA	22.7980174039679	7.454412275283	1.23841471670405	4.40435033734057	1.06101359798994e-05	0.000115036970916759
ENSG00000138028	CGREF1	88.1362750834328	5.15576192445528	0.445558624568369	7.08270865032047	1.41363683118507e-12	2.84836204999085e-11
ENSG00000138442	WDR12	843.823169029976	2.72866495527725	0.14630083790591	4.98059317846067	6.33896719658471e-07	7.65382266508842e-06
ENSG00000138623	SEMA7A	553.761479487191	5.91936089969899	0.417748433403874	9.3821079537354	6.46667241289331e-21	2.54483518312824e-19
ENSG00000138823	MTTP	137.779597964018	8.40585008399422	0.743593676962428	8.61471833671589	7.01137486532377e-18	2.14898639622174e-16
ENSG00000139044	B4GALNT3	244.791975952624	5.99290091664107	1.12022378242147	3.564377920999	0.000364720149429671	0.0033028632208253
ENSG00000139116	KIF21A	1778.90706918832	2.72686046026093	0.100500830072638	7.23238265530327	4.74592677040243e-13	9.96582093105058e-12
ENSG00000139970	RTN1	946.773960711995	5.26764378452414	0.370762950247991	8.81329642656723	1.21518674504882e-18	4.00157982284877e-17
ENSG00000140057	AK7	81.2343651442457	4.63061780254895	0.385494638643946	6.82400619578697	8.85360609731854e-12	1.654264642193e-10
ENSG00000140067	FAM181A	8.19699784775097	6.76211804858751	1.38059514205411	3.44932261713033	0.000561994826357143	0.00498168717601788
ENSG00000140262	TCF12	5901.08355423731	2.52946646708097	0.134261033185468	3.94356020148875	8.02808264534014e-05	0.000788364640797481
ENSG00000140263	SORD	383.876868452172	2.83222295782115	0.178413431263893	4.66457571005514	3.09254458589345e-06	3.5256777975658e-05
ENSG00000140280	LYSMD2	127.095944164982	2.96990276104984	0.193765614909972	5.00554632203698	5.57038146944141e-07	6.75272106144643e-06
ENSG00000140522	RLBP1	25.7214195228291	8.44365826604981	1.24118795074897	5.19152499197362	2.08578582943671e-07	2.6467559354747e-06
ENSG00000140807	NKD1	47.3611992359246	6.78490433941933	0.719638837519594	6.64903572451931	2.9501939280467e-11	5.25952917507923e-10
ENSG00000140854	KATNB1	899.426708162788	2.8861164030168	0.144078873777364	6.15021744538383	7.73767899979339e-10	1.21023678016396e-08
ENSG00000141255	SPATA22	38.6881389851726	10.0253814363083	1.21900685042199	6.58354088291641	4.59374194657367e-11	7.95815860266209e-10
ENSG00000141384	TAF4B	187.355659660717	6.1232638791747	0.480605255381691	8.57931500540929	9.54397792293849e-18	2.8918615995398e-16
ENSG00000141524	TMC6	149.653309670994	6.90952179033916	0.58212149755331	8.43384381263046	3.3449306391934e-17	9.69300082317536e-16
ENSG00000141622	RNF165	24.3128712257739	5.03410826299308	0.732949629747148	4.13958632333273	3.47932660701578e-05	0.000354562068175304
ENSG00000141639	MAPK4	149.091080881018	9.45929150723634	0.865432601399524	8.6191478055872	6.7454238573938e-18	2.07145598148636e-16
ENSG00000141750	STAC2	256.814537882495	5.24615277253278	0.549972453093331	5.90239157302284	3.58269576278919e-09	5.30678485755893e-08
ENSG00000142494	SLC47A1	148.810019924891	8.09006896671228	0.88187712000661	6.90580221274664	4.99205110921001e-12	9.55141783656532e-11
ENSG00000142619	PADI3	41.2014981910983	8.47922537843684	1.279594664287	5.06349827743858	4.11632103620822e-07	5.06218554591718e-06
ENSG00000142621	FHAD1	63.4723134574062	8.09155917982434	0.867329874516536	7.02334758527702	2.1661442751453e-12	4.28869657854233e-11
ENSG00000142698	C1orf94	88.2144450532759	10.2171934070902	1.1900787067407	6.9047478629332	5.02926732363067e-12	9.59957635976356e-11
ENSG00000143061	IGSF3	759.166261333409	6.009360654992	0.332116888255373	12.0721372407569	1.48233723376438e-33	1.16957875404637e-31
ENSG00000143162	CREG1	241.010775966523	2.73128129359352	0.204066671482921	3.58354104704808	0.000338967467453842	0.00308535893562498
ENSG00000143179	UCK2	1212.7489180681	2.74073196167337	0.227975134596414	3.24917874479904	0.00115738726856985	0.00980150812245818
ENSG00000143603	KCNN3	27.1964862242273	5.10451050674136	0.624173998060947	4.97379018732886	6.56563692186675e-07	7.90953297511053e-06
ENSG00000143839	REN	8.61940003142137	6.8358447357779	1.31796675632098	3.66917049507141	0.000243338758056803	0.00225484484064495
ENSG00000143845	ETNK2	878.384981784011	3.20377122701375	0.135571006620288	8.87926745565385	6.73021076037395e-19	2.25823366523874e-17
ENSG00000143995	MEIS1	310.539663051583	4.67138022770955	0.426979088123291	6.25646618772622	3.93798433815296e-10	6.32697524006874e-09
ENSG00000144354	CDCA7	1236.73995612006	3.75533064086346	0.234851675301311	7.47420957764681	7.76692741574871e-14	1.71453309075073e-12
ENSG00000144476	ACKR3	187.163000275953	4.38228567972531	0.201704534202441	11.810769099193	3.43405546594217e-32	2.55756897271898e-30
ENSG00000144481	TRPM8	407.814253420117	9.00567752199725	0.610832642586812	11.4690621187645	1.88693230887288e-30	1.29628996288e-28
ENSG00000144847	IGSF11	69.5960593054153	7.92601111257835	0.778905301884229	7.60812784075663	2.78094700334962e-14	6.38656099991155e-13
ENSG00000145040	UCN2	34.3080644909026	6.51627550625877	0.992603393814963	4.54992954325993	5.36638811819813e-06	5.98946035208976e-05
ENSG00000145220	LYAR	619.882626152312	3.29086953073753	0.203449536225358	6.34491262397205	2.22551721193504e-10	3.64920713208032e-09
ENSG00000145247	OCIAD2	2806.54767377253	3.30163614910947	0.151971881994139	8.5649801267821	1.08094487325875e-17	3.25058479056566e-16
ENSG00000145423	SFRP2	79.1985492192281	10.6138062453353	1.24744881884285	6.90513800263612	5.0154646651738e-12	9.58470933255876e-11
ENSG00000145990	GFOD1	222.251305019665	3.72601148400656	0.286793029928081	6.01831740624725	1.76239361439748e-09	2.68281083345435e-08
ENSG00000146648	EGFR	37347.7135327703	4.64906511541268	0.187724145477159	14.1114778212428	3.2274294159025e-45	4.14828790569791e-43
ENSG00000147082	CCNB3	71.7084937532296	7.61911168430901	0.67416293146319	8.33494608211905	7.75335168101247e-17	2.18713131136242e-15
ENSG00000147202	DIAPH2	442.146587097754	5.42502521034515	0.262203121000224	13.0624883383529	5.39355458502451e-39	5.24161420586101e-37
ENSG00000147224	PRPS1	1585.38949001142	2.70887872171921	0.19091692460584	3.71302189778477	0.000204799159487532	0.00191217867833175
ENSG00000147231	RADX	219.870606342646	6.25509494191935	0.480788857008131	8.8502361897447	8.73342700989313e-19	2.90591565101622e-17
ENSG00000147588	PMP2	10.1313027690139	7.93019505288212	1.60838164328121	3.6870571593842	0.000226862413458223	0.00210829921031904
ENSG00000148600	CDHR1	386.20108358891	5.64799040845363	0.301429383501398	12.1023052433663	1.02686443817216e-33	8.22420372642608e-32
ENSG00000148948	LRRC4C	129.432129051536	7.94994479365153	0.76659353821801	7.76153789070869	8.39056428608965e-15	2.0354461733896e-13
ENSG00000149294	NCAM1	1949.03055763829	3.65300074899889	0.258527776142608	6.39390000433481	1.61707201906781e-10	2.68188281372557e-09
ENSG00000149328	GLB1L2	192.911332321506	4.56324857491977	0.259096245787047	9.89303633919312	4.46282501284826e-23	2.05573714031143e-21
ENSG00000149781	FERMT3	48.4669281758787	3.44307488713136	0.34871912757555	4.13821546631026	3.5001759237027e-05	0.000356458810683538
ENSG00000149927	DOC2A	77.8003287623446	4.43689252226811	0.44646205126097	5.45822991088591	4.80904695814996e-08	6.48448311497412e-07
ENSG00000149970	CNKSR2	186.899398081338	3.78674976520813	0.281297602313088	6.35181299277288	2.12791918911711e-10	3.49276787189994e-09
ENSG00000150540	HNMT	135.657745562279	5.6159577637557	0.451529141960547	8.008248920668	1.16353217731053e-15	2.98621189081725e-14
ENSG00000150625	GPM6A	5828.91603491864	8.68079838805811	0.716318328452303	9.32657747637538	1.09344746253345e-20	4.18927059083127e-19
ENSG00000151023	ENKUR	29.8674616269579	4.42987679386951	0.656369863860311	3.70199323225881	0.000213912325544289	0.00199143378768977
ENSG00000151025	GPR158	657.693702118016	4.39190808779657	0.219560945323892	10.894050780607	1.23042870090297e-27	7.40021608867604e-26
ENSG00000151320	AKAP6	932.376916888263	5.90200712552228	0.361906807884639	10.7818008407459	4.19589686473987e-27	2.48602989703435e-25
ENSG00000151364	KCTD14	108.321722418064	4.91310653344591	0.332520024853189	8.76069504304915	1.94050123737852e-18	6.23542514543122e-17
ENSG00000151468	CCDC3	90.2835218825419	4.61505533960877	0.552683608535578	4.73155942970296	2.22801566860126e-06	2.56761487535553e-05
ENSG00000151726	ACSL1	1188.64456783564	2.68682323611347	0.189558394268333	3.62328051345078	0.000290890052723434	0.00266601820604145
ENSG00000152049	KCNE4	1427.99568405834	8.90635581282945	1.23402051133114	5.59662967463931	2.18558862512235e-08	3.0185365257539e-07
ENSG00000152137	HSPB8	195.225730868773	10.6484957476655	1.19305927837525	7.24900757608905	4.19836407353309e-13	8.88625851314347e-12
ENSG00000152270	PDE3B	136.763092950789	3.81462675689696	0.236238359833027	7.6813382813	1.57435135921539e-14	3.70635331804652e-13
ENSG00000152642	GPD1L	779.702673407087	2.64539287874318	0.166141659615164	3.88459390762145	0.000102501069298835	0.000993107624610843
ENSG00000152977	ZIC1	2306.32858444647	7.07453393038767	0.27472798288182	18.4711214240254	3.52681100392016e-76	1.33834080429713e-73
ENSG00000153822	KCNJ16	15.6458866654814	6.43945267292591	1.3590709277471	3.266534941105	0.00108872371371358	0.00926927272925591
ENSG00000153898	MCOLN2	30.7440205273809	8.98203614546803	1.2043488138145	5.79735377772659	6.73694758058450e-09	9.66457880642265e-08
ENSG00000154122	ANKH	450.409151150697	3.72545620944298	0.239068383516269	7.21741697527965	5.29843234012836e-13	1.10967693346867e-11
ENSG00000154589	LY96	131.342748760477	4.7443630037957	0.774151545192911	3.54499454381614	0.000392621213290327	0.00353936476098486
ENSG00000154928	EPHB1	156.519058778911	9.0327234764946	0.847023166607677	8.30287027999555	1.01625816849159e-16	2.83662393860227e-15
ENSG00000155265	GOLGA7B	30.8544100697639	7.16582459613128	1.21408110715695	4.25492544581986	2.09118681848568e-05	0.000219127781150722
ENSG00000155495	MAGEC1	35.0150703332916	8.99158633779033	1.21592099589312	5.75003339970693	8.92258207809284e-09	1.26858263301199e-07
ENSG00000155792	DEPTOR	53.7801632911779	5.66657676662413	0.758885413686697	4.83152884545737	1.35488583539718e-06	1.59484272116397e-05
ENSG00000155846	PPARGC1B	270.800801231585	7.55219787437224	0.527733480933526	10.5208368901491	6.92556731694171e-26	3.85942978662297e-24
ENSG00000156219	ART3	5.09527134171215	6.75513463844473	1.41782537604092	3.35382249379877	0.000797034750431593	0.00692646665887608
ENSG00000156453	PCDH1	162.38872431749	6.16340055880823	0.526568411356965	7.90666600770669	2.6437367463666e-15	6.66706902904918e-14
ENSG00000156510	HKDC1	66.5596321905759	6.99327946507726	1.46062464714574	3.41859181606637	0.000629460767158702	0.00555193453623431
ENSG00000156968	MPV17L	72.8174678204622	5.50356524752817	0.443946537770711	7.89186298224425	2.97708487230093e-15	7.47224861334365e-14
ENSG00000157087	ATP2B2	61.3554942027227	7.85546334846356	0.911494601805916	6.42402416521427	1.32718120368044e-10	2.21725513881119e-09
ENSG00000157152	SYN2	90.7202316575613	4.5174761473734	0.29445187433422	8.54970325139083	1.23405376348066e-17	3.69705806059299e-16
ENSG00000157423	HYDIN	32.4614861598415	3.35632213025433	0.341606366055533	3.97042404658771	7.17448255349288e-05	0.00070846903926623
ENSG00000157470	FAM81A	75.0333855895155	5.45649650042881	0.447566074057002	7.72287423194767	1.13735384301369e-14	2.73410943438193e-13
ENSG00000157510	AFAP1L1	29.4392955421608	6.72959917709139	0.889892638779542	5.31479750588551	1.06775997984328e-07	1.38922110683609e-06
ENSG00000157551	KCNJ15	193.124305109729	6.96083420590465	1.19824733269593	4.14007531712446	3.47191809821487e-05	0.000354033465446888
ENSG00000157833	GAREM2	219.277792450167	5.31824525946266	0.456828741491454	7.26365256404239	3.76775031704166e-13	8.006720607068e-12
ENSG00000158050	DUSP2	73.7587694206643	8.40546912575751	0.948748657737985	6.75149216129537	1.46332293906277e-11	2.69312251764231e-10
ENSG00000158296	SLC13A3	104.767412062361	5.87043553468969	0.611822614203479	6.32607465764982	2.51476181047245e-10	4.10238216328658e-09
ENSG00000158457	TSPAN33	117.108443506068	4.28619175057197	0.345281436482701	6.62124142514249	3.56194663736871e-11	6.27296193440691e-10
ENSG00000158458	NRG2	123.816408150131	8.35975968088859	1.08266596292018	5.87416608510989	4.24977146440839e-09	6.23117365223008e-08
ENSG00000158813	EDA	14.6741434901831	6.6523469225532	1.10240368917024	4.22018446441787	2.44102498615861e-05	0.000253708352873956
ENSG00000158816	VWA5B1	32.442370513389	8.60868547264986	1.32028260037946	5.00550826826806	5.57148211557414e-07	6.75272106144643e-06
ENSG00000158856	DMTN	169.67228748081	5.92488884533842	0.368910860926636	10.6391252224991	1.95960425963916e-26	1.10752385425989e-24
ENSG00000158859	ADAMTS4	433.464737115147	5.0517294870104	0.255080336151759	11.9637974963103	5.4988430759478e-33	4.19332827485436e-31
ENSG00000158955	WNT9B	15.0101665562301	8.64540645358464	1.28963059831541	5.15295345990182	2.56415618242818e-07	3.21033159745014e-06
ENSG00000159399	HK2	1324.09091909997	3.38633999990983	0.275475115912604	5.03254167011461	4.84019353456528e-07	5.9204147777361e-06
ENSG00000160193	WDR4	444.577476406073	3.07417374533851	0.293257051323301	3.66290849782258	0.000249367634345772	0.00230668679988561
ENSG00000160223	ICOSLG	9.61732247847901	7.56838049751366	1.24853371121084	4.4599360413852	8.19841151036462e-06	8.98050052592381e-05
ENSG00000160233	LRRC3	101.808631736933	2.9224381490753	0.215276742070718	4.28489459754216	1.82825844363318e-05	0.000192951764590023
ENSG00000160307	S100B	439.15991143491	5.96346593952638	0.538144398393087	7.36506029118094	1.77066823311646e-13	3.81363652694732e-12
ENSG00000160401	CFAP157	72.0767773959625	2.93430274688182	0.270909953168404	3.44875755192736	0.000563172111625484	0.00498934803506779
ENSG00000160539	PLPP7	218.686096325036	6.99741831280378	0.517697866681194	9.65315608665867	4.76656907328683e-22	2.00977719285834e-20
ENSG00000160867	FGFR4	79.8977763088952	3.92012662780466	0.300424572096029	6.39137675859253	1.64398755006836e-10	2.72368748159975e-09
ENSG00000161980	POLR3K	344.27942507469	3.40879087969097	0.19419914963766	7.2543617328887	4.03560280110829e-13	8.56450565167297e-12
ENSG00000162039	MEIOB	61.5473768608715	6.15398191293711	0.695591880216288	5.97186659459778	2.34554299604299e-09	3.52672304442766e-08
ENSG00000162599	NFIA	220.332959450497	8.19241200104905	0.510005991729409	12.1418416674887	6.33831529155185e-34	5.15408515901803e-32
ENSG00000162746	FCRLB	12.8379486370203	4.75852433511213	0.835046191482068	3.30343921480105	0.000955066722226212	0.00818819441572962
ENSG00000162878	PKDCC	294.563978622038	5.78262189690834	0.285883491876666	13.2313407538068	5.78461777250932e-40	5.83514164925656e-38
ENSG00000162975	KCNF1	798.530172478777	9.09645336247206	0.391091063048899	18.1452710965803	1.3994291395292e-73	4.74555353740773e-71
ENSG00000163064	EN1	309.002166951874	9.60212827305958	1.19114815932858	6.38218530039514	1.74578532823708e-10	2.88036506847232e-09
ENSG00000163171	CDC42EP3	3552.76647836307	6.98013724594076	0.225443060506782	22.0904437455104	3.90540819987029e-108	2.48977583558131e-105
ENSG00000163219	ARHGAP25	86.7099988920551	6.86977853930869	1.21499014640718	4.00808068584671	6.12142081354588e-05	0.000609008769827055
ENSG00000163235	TGFA	279.836597072276	9.50164796020545	1.19990285340262	6.25187942418226	4.05542449613869e-10	6.50255086714874e-09
ENSG00000163376	KBTBD8	59.3781648324789	3.30016183149372	0.371416127127082	3.50055298231265	0.000464293935328089	0.00415725659621297
ENSG00000163689	CFAP20DC	34.358718231674	8.30888508134906	1.2337665059938	5.11351625343993	3.16216533792512e-07	3.91901953000393e-06
ENSG00000163710	PCOLCE2	270.699772051948	9.334825603487	0.858025418799478	8.54849453498668	1.24704367016881e-17	3.72896473079747e-16
ENSG00000163873	GRIK3	101.51146499366	9.16123535252467	1.26014647939142	5.68285946883188	1.32461110108455e-08	1.85189927448119e-07
ENSG00000163884	KLF15	72.508386596729	6.44300261726175	0.701880514498914	6.33014099334798	2.4493727857878e-10	4.00801883571724e-09
ENSG00000164076	CAMKV	211.401203805574	6.76753486213993	0.341961889501763	13.9417139994349	3.53351288054693e-44	4.3656688597021e-42
ENSG00000164241	C5orf63	46.9964747505657	6.41891570215956	1.2298368296592	3.59309104719534	0.000326778341991536	0.00298463794536453
ENSG00000164318	EGFLAM	96.2521198779104	6.29223720566154	0.506004964937688	8.48259899226505	2.2021860299891e-17	6.46380127918348e-16
ENSG00000164362	TERT	52.3664122380507	9.68702971896161	1.21707814803585	6.31597053267873	2.68471205445447e-10	4.36621844121381e-09
ENSG00000164532	TBX20	10.9604534935973	8.16848569325341	1.29772802781307	4.7532961923066	2.00126831245178e-06	2.3180388345826e-05
ENSG00000164626	KCNK5	20.7663322283463	9.09824387337754	1.27312782752171	5.57543690423849	2.46909389001417e-08	3.39830901718876e-07
ENSG00000164742	ADCY1	471.807303007074	6.02349368220217	0.296237711297846	13.5819766652087	5.12250951441343e-42	5.79025224402279e-40
ENSG00000165105	RASEF	366.056661723554	7.25923235953877	1.05510054676145	4.98457931396356	6.20967700334531e-07	7.5033989446033e-06
ENSG00000165194	PCDH19	155.515635777271	3.59637921017773	0.388283637516583	4.11137389251832	3.93311679060993e-05	0.000398766001327869
ENSG00000165671	NSD1	2876.38560993084	4.30754144885353	0.24778958253828	9.31250388017038	1.24853661608341e-20	4.7719847930785e-19
ENSG00000165757	JCAD	287.872848231051	4.53210825619742	0.474929416886944	5.33154647019934	9.73798941223064e-08	1.27008244887178e-06
ENSG00000165959	CLMN	519.366563634461	4.47430518910496	0.256278518335042	9.65475064074709	4.69299616857913e-22	1.98928119507485e-20
ENSG00000165983	PTER	77.7943384160562	3.9656820645157	0.493021685876455	3.98700933615377	6.69113935635826e-05	0.000663205093666903
ENSG00000166450	PRTG	226.39750668858	3.14761645028068	0.30113103838552	3.81102013407018	0.000138394493455639	0.00131921736644496
ENSG00000166508	MCM7	7147.98625284241	2.91194888178562	0.27506550287237	3.31538805216429	0.000915159879202978	0.00786297474648898
ENSG00000166582	CENPV	730.317530279268	3.57086656381453	0.237237346493733	6.62149778283759	3.55577357215298e-11	6.26901760984228e-10
ENSG00000166682	TMPRSS5	74.3943606189678	3.74495802929265	0.335910353718785	5.19471344057909	2.05035415532461e-07	2.60594453967812e-06
ENSG00000166823	MESP1	53.6948779508151	3.85615019423341	0.441717780311521	4.20211790642515	2.6442933569345e-05	0.0002734896010566
ENSG00000166831	RBPMS2	151.189205172256	4.74847348366559	0.281327173909887	9.76966940472647	1.51947070917628e-22	6.74577274731239e-21
ENSG00000166897	ELFN2	277.920988208733	4.89751435149848	0.476014583581917	6.08702853113291	1.15025478908248e-09	1.7781533296214e-08
ENSG00000167011	NAT16	39.6018297573955	4.55352284917066	0.770128946161777	3.31570818354133	0.000914112270130449	0.00785821001150976
ENSG00000167191	GPRC5B	2061.05171429322	4.50109666038286	0.297084531133082	8.41880474504569	3.80344688755008e-17	1.09817638575676e-15
ENSG00000167306	MYO5B	510.688498998967	3.72997161529171	0.385618526849233	4.48622536221681	7.24960600094572e-06	7.97406628316584e-05
ENSG00000167476	JSRP1	70.3782194718828	10.8617792297604	1.27276994782429	6.96259307890558	3.34065729372149e-12	6.47729877704782e-11
ENSG00000167553	TUBA1C	4243.90197929384	3.03946935263965	0.237078323725861	4.38449764745937	1.16253739127546e-05	0.000125531984702902
ENSG00000167641	PPP1R14A	62.3035641184623	3.42557854781273	0.421503097656203	3.38213065512391	0.000719259264377542	0.00629865612947762
ENSG00000168453	HR	43.5555786509357	7.11646892930647	0.957985701224769	5.34086147921117	9.25059227690525e-08	1.20948268834549e-06
ENSG00000168672	LRATD2	3191.32719682734	5.84373356656389	0.284455049981751	13.5126220005954	1.31744321007583e-41	1.43817875905401e-39
ENSG00000168675	LDLRAD4	81.3316881764677	4.72291071446525	0.405956626535843	6.70739319542757	1.98131874300141e-11	3.59661254281964e-10
ENSG00000168913	ENHO	94.4102646031398	3.45494607606698	0.414590682368961	3.5093554629676	0.000449194129549374	0.00402884413998758
ENSG00000169181	GSG1L	40.9352049679496	10.0972622510322	1.22468171934707	6.61172786619951	3.79859834956551e-11	6.63838382624728e-10
ENSG00000169242	EFNA1	277.967337017652	4.21814354680586	0.449178687987132	4.938220815297	7.88385434613671e-07	9.45469304505093e-06
ENSG00000169247	SH3TC2	113.690573931848	7.40609872828317	0.795828895248908	6.79304152005228	1.09793764039182e-11	2.0371280689831e-10
ENSG00000169436	COL22A1	590.823987140392	6.63119457370155	0.753317154921739	6.14773544375566	7.8596982365331e-10	1.22811637739083e-08
ENSG00000169562	GJB1	31.2267041207908	9.71082377485151	1.23945863740219	6.22112230466426	4.93611185650422e-10	7.87505012702344e-09
ENSG00000169783	LINGO1	379.136206759256	12.3434575427914	1.19243725865022	8.674215324754	4.16411742023505e-18	1.29878088930932e-16
ENSG00000169860	P2RY1	183.207167854898	4.29707103280118	0.345653658697407	6.64558576193776	3.02013544454045e-11	5.37820320838945e-10
ENSG00000169908	TM4SF1	1537.37114281268	4.68040329600529	0.381486098085771	7.02621487245556	2.12211578106612e-12	4.21199020157307e-11
ENSG00000170160	CCDC144A	42.8533893414563	8.99196625174557	1.21476070449651	5.75583835224864	8.62128540865618e-09	1.22683970395681e-07
ENSG00000170191	NANP	536.002511051589	2.74249830539823	0.185985511552031	3.99223734796413	6.54528115160567e-05	0.000649555983775163
ENSG00000170873	MTSS1	685.844084711218	7.39793499234793	0.230837234766238	23.3841606958004	6.19436373720288e-121	5.80739819079644e-118
ENSG00000171056	SOX7	18.5982229338286	4.11700013470595	0.553602917550513	3.82404078373157	0.000131282184503125	0.00125517423911866
ENSG00000171094	ALK	108.952431723636	10.4212362236393	1.28454293843792	6.55582306487943	5.53358107623486e-11	9.55516957670978e-10
ENSG00000171208	NETO2	1921.65018275201	3.13166142705989	0.327058696789242	3.46011721495097	0.000539940297417619	0.00479686090314493
ENSG00000171303	KCNK3	21.6622321972393	8.86907073407468	1.27388879072439	5.39220596341744	6.95979275440207e-08	9.22838410313313e-07
ENSG00000171316	CHD7	1946.97275049431	2.55586999349969	0.137783625108021	4.03436905556732	5.47492108396716e-05	0.000546737420026746
ENSG00000171587	DSCAM	132.926333038494	9.20430897405513	1.23190776636342	5.84809120517375	4.97245905631708e-09	7.21776433875971e-08
ENSG00000171757	LRRC34	139.560463526209	4.02505766618837	0.315164387508128	6.42540130310929	1.3152207789779e-10	2.20188439342291e-09
ENSG00000171903	CYP4F11	24.5704472933206	9.05762375709882	1.2242899418868	5.76466694337293	8.1819253938359e-09	1.16668071318005e-07
ENSG00000172461	FUT9	54.629019058601	10.1984748334802	1.20854046531418	6.78378181681229	1.17070090612518e-11	2.16708839045565e-10
ENSG00000172575	RASGRP1	388.213263493096	9.63038779620544	0.597952734424273	12.7608544236397	2.71209815926401e-37	2.49857921747687e-35
ENSG00000172927	MYEOV	372.18646394015	6.44981095951032	0.474454844058481	9.37878707580829	6.67359959809369e-21	2.61979877818762e-19
ENSG00000172986	GXYLT2	434.225351320815	3.01999722393079	0.263691796812664	3.8681416572675	0.000109667951959156	0.00105996835556399
ENSG00000173334	TRIB1	448.362824827952	3.92273312158218	0.442454590033589	4.34560554889081	1.38891964881755e-05	0.000148368641842186
ENSG00000173557	FAM166C	12.0873472228969	8.26426385182639	1.32282730749801	4.73551144304284	2.1850337543901e-06	2.52172831118533e-05
ENSG00000173852	DPY19L1	3361.13203831838	2.69526720293376	0.166262186906431	4.18175182144721	2.8927162638447e-05	0.000297445882665528
ENSG00000173917	HOXB2	843.529202494155	5.07663016552318	0.318011312324671	9.67459346975093	3.86625149763154e-22	1.6476020419586e-20
ENSG00000174137	FAM53A	40.9188163402877	3.35495853778271	0.33025140898685	4.10280925655843	4.08163738593227e-05	0.000412773709752465
ENSG00000174502	SLC26A9	53.9774939391246	6.94764155167626	1.17620125514676	4.20645831657349	2.59403902313375e-05	0.000268640636456827
ENSG00000174611	KY	11.3023798792279	5.25742255231813	0.84820333873214	3.84037930950283	0.000122844355173423	0.00117732611711006
ENSG00000174963	ZIC4	358.020233495491	4.14359829399756	0.357085161092698	6.00304500875377	1.93650908076158e-09	2.94223848705225e-08
ENSG00000175093	SPSB4	42.6958403422178	6.17018938949112	0.648241954835075	6.43307542559798	1.25047558126012e-10	2.09569714133793e-09
ENSG00000175264	CHST1	98.5948035118496	7.97785236583401	1.19649014183355	4.99615680633466	5.84841119185518e-07	7.072228951122e-06
ENSG00000175445	LPL	266.302511485604	8.96696731411281	0.727287177986254	9.57938971700735	9.76200445057636e-22	4.03074681174316e-20
ENSG00000175544	CABP4	65.517379920593	8.26181750676411	1.20127333153081	5.21265006256697	1.86161866579537e-07	2.3755386945914e-06
ENSG00000175785	PRIMA1	59.0515888972758	9.31812042193962	1.20270053106894	6.08474032636819	1.16680262397277e-09	1.80024203493495e-08
ENSG00000175894	TSPEAR	14.1619349638248	8.5593024918838	1.30006463665479	5.04536644328826	4.52652990824232e-07	5.55379781967406e-06
ENSG00000176387	HSD11B2	10.5881294924294	6.20557194474867	1.28695850023386	3.26783804138552	0.0010837236178599	0.00923657059970648
ENSG00000176463	SLCO3A1	1130.68397339639	5.553497922622	0.601511472513065	5.90761454270487	3.47096986069798e-09	5.1508675642276e-08
ENSG00000177098	SCN4B	215.287220014385	9.6979052109487	1.11731999695725	6.88961553709958	5.59433731263615e-12	1.06399222063001e-10
ENSG00000177108	ZDHHC22	24.9972644984942	4.36910448326801	0.51016032663168	4.64384304226471	3.41987410758435e-06	3.88495748586453e-05
ENSG00000177181	RIMKLA	27.7166371462851	5.13373188110717	0.781906360108341	4.00780968282821	6.12844736851256e-05	0.000609327474481305
ENSG00000177182	CLVS1	41.2772488626781	8.19811678777563	1.06571140371194	5.81594300876129	6.02930073845723e-09	8.68851674227227e-08
ENSG00000177301	KCNA2	276.795320413239	9.94438932756802	0.748583453070556	10.6125633621496	2.60502440110432e-26	1.46193235580284e-24
ENSG00000177807	KCNJ10	202.64287117156	12.3249452050733	1.195560387998	8.6360716771177	5.81790163115296e-18	1.8004993436372e-16
ENSG00000178150	ZNF114	32.3106508510828	6.21045673081449	0.755875027490914	5.57030802405375	2.54289368341434e-08	3.49384823502221e-07
ENSG00000178919	FOXE1	33.44098652066	7.5797756021122	1.27377322393574	4.38050941663827	1.18402175288878e-05	0.000127678881580118
ENSG00000179041	RRS1	368.914881435995	3.3427352481705	0.287435278255242	4.67143510122008	2.99102604848502e-06	3.41727406170281e-05
ENSG00000179057	IGSF22	14.797095847308	6.56302482794721	1.09040175797013	4.18471888420432	2.85519215425733e-05	0.000294156771522646
ENSG00000179071	CCDC89	18.6453517318382	6.24409103496568	1.25618611334912	3.37855273980899	0.000728684538415917	0.0063776903752185
ENSG00000179331	RAB39A	64.4247045457507	7.28660421982782	0.855732539146562	6.17786981093444	6.49722551942017e-10	1.02324881747548e-08
ENSG00000179403	VWA1	168.946926514081	4.20710716632943	0.41769059157407	5.28407201611108	1.26343546328388e-07	1.63469729848349e-06
ENSG00000179598	PLD6	170.403913525208	6.14190751452991	0.704806008508947	5.87666317330683	4.1861875835542e-09	6.14925877480984e-08
ENSG00000179673	RPRML	56.8297136958362	8.70507414130853	1.06436096381695	6.29962425271891	2.98368041526969e-10	4.83271325798459e-09
ENSG00000180447	GAS1	338.193745407343	3.82913853015057	0.511772369699095	3.57412521357112	0.000351400749873134	0.00318760680220718
ENSG00000180758	GPR157	186.898215642297	2.98944047409472	0.266579087603957	3.71162075385555	0.000205936382292342	0.00192167099588721
ENSG00000180806	HOXC9	40.208875430135	8.21611961324858	1.20265388600947	5.16866879620231	2.35767291338878e-07	2.97283155803722e-06
ENSG00000180818	HOXC10	92.5082340111397	10.051936658973	1.24179188673981	6.48412728811787	8.92468529173401e-11	1.51320887425167e-09
ENSG00000181274	FRAT2	161.086284461718	3.02573713047275	0.274564433712339	3.73587036239158	0.000187067028234333	0.00175277736390288
ENSG00000181418	DDN	138.50695955128	5.09426734566959	0.333860797988373	9.26813619422712	1.89426918362987e-20	7.15423276035376e-19
ENSG00000181433	SAGE1	18.3112940808662	8.94136265302932	1.27921369242504	5.42627294730594	5.7542942608493e-08	7.69395485985035e-07
ENSG00000181481	RNF135	131.129964746478	3.58115606451118	0.410881133932283	3.84820799480117	0.000118985012564871	0.00114308808333871
ENSG00000181577	C6orf223	179.583063730358	4.39888662420367	0.39110879454623	6.13355326613632	8.59376260334494e-10	1.3388796517313e-08
ENSG00000181790	ADGRB1	270.620389130173	4.66232773576826	0.318020476222181	8.37156074789429	5.68600465355595e-17	1.61827753872098e-15
ENSG00000181856	SLC2A4	36.9634309569119	5.96598971239329	0.719345721891775	5.51332911518999	3.52108904486936e-08	4.78832057995972e-07
ENSG00000181938	GINS3	369.31077831938	3.20251503201155	0.319985371693635	3.75803126763831	0.000171255485304073	0.00161356340425326
ENSG00000182103	FAM181B	206.147461364248	11.4540280433994	1.24441236830282	7.59718264154922	3.02647255637379e-14	6.93044821889158e-13
ENSG00000182578	CSF1R	27.3090305958629	4.1691797669994	0.570830423536539	3.80004232002984	0.000144671379431836	0.00137411945493719
ENSG00000182742	HOXB4	530.489279000426	7.8932205591175	0.565814062288206	10.4154720638875	2.10749420984014e-25	1.13861839716719e-23
ENSG00000182771	GRID1	114.507771163595	9.58373562696124	1.05919862307043	7.15988055665831	8.07473850704962e-13	1.65417972140562e-11
ENSG00000183018	SPNS2	16.7595530029041	5.5356704676927	0.930725985324583	3.7988307229433	0.00014538034040651	0.00138003089064858
ENSG00000183072	NKX2-5	194.638130425908	11.580344958751	1.19957111025996	7.98647523003018	1.38851648875295e-15	3.55219515212593e-14
ENSG00000183092	BEGAIN	88.2540790724021	6.18348067677202	0.475018516207633	8.8069844311993	1.28557540500811e-18	4.21594666769942e-17
ENSG00000183150	GPR19	41.5144720543762	5.94284716691471	0.686068973163737	5.74701279483996	9.08338585833559e-09	1.28914518085621e-07
ENSG00000183196	CHST6	412.434211987118	4.00692230870062	0.325801553741492	6.15995315446844	7.27664665903186e-10	1.14148813436663e-08
ENSG00000183570	PCBP3	195.299514186892	3.41171270932437	0.428585049860412	3.29389163197401	0.000988105854455083	0.00845780403238728
ENSG00000183690	EFHC2	25.0169711467794	5.74653397711525	0.903533071958511	4.14653773435677	3.37540572752282e-05	0.000344633033217544
ENSG00000183765	CHEK2	329.937595357225	2.87534542336007	0.191508627581976	4.57078845173891	4.85892598353655e-06	5.44979326710806e-05
ENSG00000183770	FOXL2	55.2189680687523	6.63862967361823	1.04193956023825	4.45191818281433	8.51065955008878e-06	9.30973863481914e-05
ENSG00000184185	KCNJ12	6.72001453159661	6.49917007208242	1.29757534254241	3.46736711508941	0.000525583538829532	0.00467713592510613
ENSG00000184221	OLIG1	832.824102184384	14.4522586637262	1.19077720532443	10.457253135219	1.35733631101923e-25	7.45973314656015e-24
ENSG00000184486	POU3F2	2866.05192138176	5.92152867214162	0.42313301318575	9.26783907172972	1.8995522287615e-20	7.15722539527205e-19
ENSG00000184489	PTP4A3	296.045348657826	5.32753341511222	0.261820775846529	12.7092030964828	5.2567397330285e-37	4.7334416872886e-35
ENSG00000184588	PDE4B	391.551458015879	4.0778133069891	0.346626481156782	5.99438709949366	2.04254308831769e-09	3.09155287194751e-08
ENSG00000184986	TMEM121	128.319247104954	2.83799570862837	0.248979363917997	3.3657235501026	0.000763431781586652	0.00665258378071518
ENSG00000185215	TNFAIP2	1626.69713245766	10.1877831663724	0.87367065266363	9.37170447629161	7.13705100446028e-21	2.79484813044442e-19
ENSG00000185247	MAGEA11	71.1349351779173	10.893554721915	1.22806155925748	7.24194536900278	4.42294022047566e-13	9.32444725316681e-12
ENSG00000185652	NTF3	40.8136922947877	10.1023078586587	1.21944182534876	6.64427584017092	3.04711454463672e-11	5.42019102817188e-10
ENSG00000185668	POU3F1	131.13329019211	7.74616471073602	0.526383250103569	10.9163137497354	9.6326413485132e-28	5.90480914663859e-26
ENSG00000185686	PRAME	2220.67562400499	15.8700147651739	1.1857538293304	11.6972127115173	1.3170885818514e-31	9.49853294911656e-30
ENSG00000186205	MTARC1	74.3554036390902	8.8856873913547	1.20205460131383	5.72826507533743	1.01462937740042e-08	1.43234393419025e-07
ENSG00000186231	KLHL32	9.13424794663436	7.34295130496519	1.27829642602391	4.17974359952193	2.91837953645075e-05	0.000299698022241959
ENSG00000186603	HPDL	151.660803285579	6.6573316524458	0.471793517028525	9.87154652267978	5.53052514368018e-23	2.5041337994311e-21
ENSG00000186648	CARMIL3	50.3529580883977	4.70501198314521	0.37983289361932	7.12158432980862	1.06693421372377e-12	2.1662162418254e-11
ENSG00000186897	C1QL4	41.1234530901005	4.31560820401922	0.571767598710582	4.04991155364741	5.12369944995621e-05	0.000513271664571981
ENSG00000187098	MITF	238.381083713861	3.79004538599825	0.507557267524105	3.52678505566515	0.000420638096080702	0.00377910370650182
ENSG00000187122	SLIT1	428.977600169078	9.29989874930769	0.480233471178272	15.2007287859322	3.49708692171482e-52	5.62995670285766e-50
ENSG00000187140	FOXD3	17.983447711626	6.4558313355915	1.28344523612843	3.47177363720848	0.000517032102143245	0.00460875707156546
ENSG00000188338	SLC38A3	126.597135348263	8.76845621327544	1.28275829682729	5.27648601456423	1.31684557899938e-07	1.69942387352973e-06
ENSG00000188488	SERPINA5	75.9447103910028	10.6217441017985	1.31772778214414	6.5428870959749	6.03423870387659e-11	1.03971563743119e-09
ENSG00000188582	PAQR9	18.4336294059717	8.75050299043466	1.2322385550959	5.47824360998776	4.29568454779124e-08	5.82677619767632e-07
ENSG00000188674	C2orf80	31.8546779727163	9.03636392458045	1.24113420012124	5.66930145337474	1.43380898652251e-08	2.00105495859858e-07
ENSG00000188677	PARVB	489.666267756816	7.67157431793036	0.361687016489658	15.6808899942709	2.04370465976906e-55	3.83206645498814e-53
ENSG00000188897	AC099489.1	26.9837207591467	4.86725381375327	0.599553541411689	4.78231486549497	1.7328796113981e-06	2.02186202389919e-05
ENSG00000189143	CLDN4	216.414619490334	4.93096377653199	0.376932196414702	7.77583821284223	7.49494469636889e-15	1.82547925271057e-13
ENSG00000189221	MAOA	102.896120468277	3.70349599488838	0.330269963704552	5.15788955126499	2.49748861352132e-07	3.13919349544975e-06
ENSG00000196208	GREB1	392.658878967978	9.21060878464601	0.542086813835323	13.3015756897501	2.26641157782349e-40	2.33045598240973e-38
ENSG00000196502	SULT1A1	30.4755462553369	3.97320944916548	0.456972598814857	4.31800386780942	1.57446672050203e-05	0.000167515691531118
ENSG00000196557	CACNA1H	171.624120772569	4.49538102573492	0.412791967152838	6.04512980944465	1.49289754563605e-09	2.28347419216386e-08
ENSG00000196878	LAMB3	365.915733071692	5.82075119896968	0.365734105637363	10.4468003942681	1.51552067213111e-25	8.21577158926041e-24
ENSG00000197162	ZNF785	222.756512252928	8.39685439413988	0.848533381299824	7.53871861156584	4.74611824750222e-14	1.06540327646043e-12
ENSG00000197361	FBXL22	13.6016305195151	4.28058065420705	0.643713787594195	3.54284885326203	0.000395829500060913	0.0035662694019055
ENSG00000197576	HOXA4	86.3147882954416	7.64827244036667	1.2032863439806	4.69403851263	2.67863570322136e-06	3.06916576836392e-05
ENSG00000197635	DPP4	558.858496857947	6.36936035285084	0.366261728666417	11.9296121076039	8.29591478161434e-33	6.29620427568426e-31
ENSG00000197757	HOXC6	55.29830892466	5.69132321336411	0.806874037163164	4.57484445322122	4.76573925340162e-06	5.35280847221389e-05
ENSG00000197956	S100A6	13363.6363000428	9.11523580418035	0.346074401201124	20.5598442978892	6.28343541572728e-94	3.45328943640902e-91
ENSG00000197961	ZNF121	1352.35439666542	2.94298956621092	0.164465388312307	5.73366576328057	9.82829192161166e-09	1.39114846044979e-07
ENSG00000198042	MAK16	694.598933847646	2.64969013197505	0.200161288400006	3.24583308375144	0.00117107480054545	0.00990163934806012
ENSG00000198056	PRIM1	250.243007951876	3.48184239832197	0.385567981137012	3.84327140949859	0.000121405078675072	0.00116493325943606
ENSG00000198208	RPS6KL1	68.4119511167853	3.85969302942151	0.310578903689899	5.98782791531246	2.12661888083777e-09	3.20966398890079e-08
ENSG00000198216	CACNA1E	15.1752400383345	8.48220343907581	1.35106019297112	4.79786427932628	1.60366377453156e-06	1.8821202679296e-05
ENSG00000198353	HOXC4	116.461901325278	9.75955554428575	1.19423366883124	6.49751865719862	8.16555687968135e-11	1.38744824678424e-09
ENSG00000198576	ARC	587.293939509646	5.94848563283057	0.923982874107593	4.27333205352331	1.92573345226969e-05	0.000202189326497196
ENSG00000198732	SMOC1	2089.23465954015	6.15449470622926	0.184140041517809	22.5616040486636	1.03308134438271e-112	8.23262523338585e-110
ENSG00000198805	PNP	1075.00041979259	5.02802762001914	0.441679137068367	6.85571802217689	7.09552151000477e-12	1.33832451865628e-10
ENSG00000198835	GJC2	41.8358200428346	3.45698373762144	0.365833214416535	3.98264476872384	6.81525846868422e-05	0.000675087566649404
ENSG00000198885	ITPRIPL1	110.79110845363	3.66603973977497	0.380403309785019	4.37966678238556	1.18860921287747e-05	0.000128086907605417
ENSG00000198914	POU3F3	1000.44565239213	12.0162965766901	1.21195629926627	8.26456909605899	1.40200238993076e-16	3.85925977387159e-15
ENSG00000198930	CSAG1	26.6415376985047	9.46373026997426	1.24157765436175	6.01148888573636	1.8382711705107e-09	2.79564560263354e-08
ENSG00000203883	SOX18	11.5383303919389	6.93058952016493	1.27293856327911	3.87339158573659	0.000107331164006138	0.001038012191705
ENSG00000204033	LRIT2	6.38288089312298	7.29269995757551	1.47369679000334	3.59144431437862	0.000328850446869723	0.00300184331168937
ENSG00000204099	NEU4	12.018231556056	5.19211454888965	0.895656800657433	3.56399297872417	0.00036525572844089	0.00330576138551443
ENSG00000204128	C2orf72	97.3811042496881	8.46211925577646	0.765249416836796	8.44446152273857	3.0545015216316e-17	8.8675127963141e-16
ENSG00000204856	FAM216A	330.371004957545	2.78477896251641	0.19865811921024	3.95039963952281	7.80208087104491e-05	0.000766643433555572
ENSG00000204950	LRRC10B	39.5102689569329	8.0413158602076	1.08933024431151	5.54589931910491	2.92447078768699e-08	3.99060063477357e-07
ENSG00000205704	LINC00634	18.5990009069032	5.62163172035581	0.783022149208742	4.62519703180239	3.74242472153757e-06	4.24230193541008e-05
ENSG00000205927	OLIG2	757.129692753848	14.309838173627	1.19233619118397	10.3241336333199	5.48113755174878e-25	2.81801194515394e-23
ENSG00000205929	C21orf62	418.461262000859	9.78031346811178	0.579763322249803	13.4198097215254	4.62900220172761e-41	5.01884606062141e-39
ENSG00000206262	FOXL2NB	43.0265506724556	7.6728763256274	1.20055870369895	4.72519695051074	2.29892437230209e-06	2.64359716058808e-05
ENSG00000213401	MAGEA12	114.96041090709	11.5855650908877	1.20621510274868	7.94681236293963	1.91371939883827e-15	4.85682480552299e-14
ENSG00000213654	GPSM3	57.5635683439314	3.57031183193645	0.305652858675372	5.13756631867216	2.78319261975161e-07	3.47365105509798e-06
ENSG00000214285	NPS	11.6903337871432	7.98227216163369	1.50614828453049	3.97190118866585	7.13012964087865e-05	0.000704962817719131
ENSG00000221890	NPTXR	797.975085047124	4.83030292373173	0.424825421703897	6.66227296939976	2.69624636256493e-11	4.82840163219773e-10
ENSG00000224940	PRRT4	11.924346425843	6.37388112040703	1.15425484068202	3.78935479951951	0.000151039063736462	0.00143118941607119
ENSG00000234409	CCDC188	72.3509381250122	5.20349704426153	0.393491595035227	8.14120831214894	3.91352390356956e-16	1.03956239958486e-14
ENSG00000240204	SMKR1	60.4992527480526	3.93555223762516	0.452730467798395	4.27528601518172	1.90892071230296e-05	0.000200820978961614
ENSG00000240764	PCDHGC5	541.10409075871	2.88357134890842	0.271168917110513	3.25837989959714	0.0011205029384148	0.00952457377730934
ENSG00000240891	PLCXD2	70.2226655405513	3.14039561302532	0.263532576848018	4.32734209434379	1.50919467342587e-05	0.000160893275619141
ENSG00000242419	PCDHGC4	260.89847257331	3.7781829471398	0.26978857594887	6.5910238818889	4.36803609133144e-11	7.5753818524092e-10
ENSG00000247626	MARS2	216.916450685697	3.30957239769179	0.290052155421313	4.51495489074916	6.33302447238346e-06	7.02895153487797e-05
ENSG00000248713	C4orf54	68.5891510661452	6.62054854654271	0.585893384476353	7.88632995177503	3.11203122253943e-15	7.79867195359016e-14
ENSG00000249751	ECSCR	18.8881792736006	8.0128651199449	1.25173573831913	4.80362183156897	1.55821003289603e-06	1.8314713498744e-05
ENSG00000250479	CHCHD10	326.990783071023	4.37203446999457	0.288615731836548	8.21865965136624	2.05790152285225e-16	5.597070728877e-15
ENSG00000253159	PCDHGA12	306.008997768998	5.24319488657592	0.429975475060928	7.54274388816328	4.60184379584716e-14	1.03886949600867e-12
ENSG00000253846	PCDHGA10	109.316801647265	4.30444540188075	0.299263663782618	7.70038491393555	1.35656969835982e-14	3.21741188280636e-13
ENSG00000254087	LYN	227.745408121206	4.39398217012081	0.362432434091508	6.60531990223694	3.96659857144395e-11	6.91681050674767e-10
ENSG00000254093	PINX1	139.103031129999	2.68945395622925	0.205864486149922	3.34906699607793	0.000810841864787903	0.00703877867156297
ENSG00000256463	SALL3	44.1206301874868	9.0788605355258	1.20348589388677	5.88196386138265	4.05426876784521e-09	5.97075622800798e-08
ENSG00000258881	AC007040.2	21.0805656987005	5.49132163900822	0.798893456159443	4.37019681672223	1.24134598895751e-05	0.000133319220835612
ENSG00000258986	TMEM179	148.205281473679	6.38671010822752	0.355033026257226	12.3557804029456	4.53335322811623e-35	3.8637745320704e-33
ENSG00000259207	ITGB3	273.683116447893	5.09644343851134	0.527554041797109	5.86943363747783	4.37286339232254e-09	6.39988032569667e-08
ENSG00000261115	TMEM178B	516.689670346343	3.44258769591566	0.369536800386248	3.90377276203029	9.47047057002523e-05	0.0009203680484455
ENSG00000266302	AC098850.3	124.529949163909	9.42075960427422	1.19944768674274	6.18681388633653	6.13923746454271e-10	9.67825585656595e-09
ENSG00000268089	GABRQ	34.5951015165541	9.8083045227081	1.23145199326495	6.34072993946435	2.2867909010747e-10	3.74582460239759e-09
ENSG00000269028	MTRNR2L12	992.787557365447	7.44613205273249	0.33212886152739	16.3976476711084	1.98787580397487e-60	4.40038396718771e-58
ENSG00000269586	CT45A10	11.2225994988138	8.24194563629845	1.43480389480581	4.35038241734299	1.35900313906942e-05	0.000145661008947468
ENSG00000273604	EPOP	297.348862234837	4.71254856952388	0.273545860454122	9.91624791916314	3.53807072991851e-23	1.65365898221235e-21
ENSG00000274276	CBSL	27.1177152925699	4.39223169211088	0.716862116368503	3.33708761767117	0.000846612543878993	0.00732535869942638
ENSG00000275342	PRAG1	866.357915555195	2.95479960797489	0.190724522038579	5.00617119272035	5.55233801141174e-07	6.73976871484237e-06
ENSG00000275489	C17orf98	6.87551579246527	7.47444976544086	1.49044418678694	3.67303238455545	0.000239689093152013	0.00222361162203538
ENSG00000276600	RAB7B	313.530007958058	5.1910624557211	0.354664616430683	8.99740855977038	2.31108175750613e-19	8.0423626749198e-18
ENSG00000277161	PIGW	333.948128261141	3.14969104364339	0.262630385975825	4.37760101281358	1.19992753421455e-05	0.000129219223245348
ENSG00000277639	AC007906.2	101.579646436471	4.68490122154919	0.286094005357178	9.3846818572699	6.31066659757852e-21	2.48958921366848e-19
ENSG00000280987	MATR3	83.2031370465634	3.02141877118738	0.22987064642717	4.44345020585739	8.85276519971364e-06	9.65745186536865e-05
ENSG00000283486	FAM95C	41.1338618529263	6.12202884799525	1.21027996924441	3.40584736816611	0.000659590437106293	0.00579523284818087
ENSG00000285476	AC139491.7	22.6132326313384	9.25252374612218	1.25302248264756	5.78802363609473	7.12193918644256e-09	1.02076858591296e-07
