EnsembleGeneName	external_gene_name	baseMean	log2FoldChange	lfcSE	stat	pvalue	padj
ENSG00000004848	ARX	21.7329027589715	-5.14813205573342	0.720709662168877	-4.36810025032764	1.25331964525212e-05	0.000267111735705982
ENSG00000005379	TSPOAP1	44.1151396190479	-7.39185163712689	0.733944063751861	-7.34640676779126	2.03606125870147e-13	9.92939168544974e-12
ENSG00000006377	DLX6	165.837491704046	-10.9013385379765	1.08946334661655	-8.17038826099169	3.07398542793636e-16	1.80105132086971e-14
ENSG00000006757	PNPLA4	63.0350135279883	-9.82242993036871	1.21236176099278	-6.45222423046656	1.10220330681262e-10	4.24028608590722e-09
ENSG00000008277	ADAM22	584.859497149542	-4.37944396739226	0.226320367487065	-10.5136095076739	7.47756543971695e-26	8.15694161552281e-24
ENSG00000009694	TENM1	790.709300632421	-8.4647792873178	0.551110293588712	-11.7304636885306	8.89699468753565e-32	1.39170819730216e-29
ENSG00000011201	ANOS1	20.0524061367001	-6.51809122158995	1.14572157594102	-3.94344604873054	8.03190668714767e-05	0.00151855239201363
ENSG00000012171	SEMA3B	552.624844051842	-3.40026113935216	0.369357004691387	-3.79107779618836	0.000149994957950815	0.00272405958136086
ENSG00000018625	ATP1A2	358.77162278185	-9.30724805013849	0.606617550732605	-12.0458896075684	2.03865088729508e-33	3.3140068982588e-31
ENSG00000021826	CPS1	557.422358352963	-8.18000125137608	0.409717527944607	-15.0835657004442	2.07740066172744e-51	7.48812616784842e-49
ENSG00000028137	TNFRSF1B	942.710536152118	-3.02157718435506	0.202399918114921	-5.04732014651815	4.48050215581809e-07	1.13595116583516e-05
ENSG00000039068	CDH1	46.7369382115919	-5.95779932967679	0.725535193039929	-5.45500668698642	4.89710025585454e-08	1.39757004031539e-06
ENSG00000040731	CDH10	147.207982045619	-10.6900889325213	1.15468218809443	-7.52595737781541	5.23354120265162e-14	2.61377550244477e-12
ENSG00000046604	DSG2	724.882443938649	-3.99473986853405	0.329880359014799	-6.04685854741829	1.47697322156493e-09	5.03903147875886e-08
ENSG00000050030	NEXMIF	41.9855657011634	-3.79943227959067	0.429429114835008	-4.19028942712008	2.7859885818805e-05	0.000563119874432982
ENSG00000050438	SLC4A8	1082.89394483096	-2.99500415111239	0.188341122104231	-5.28298939708845	1.27092749767878e-07	3.45463095721507e-06
ENSG00000053438	NNAT	116.579883499054	-3.7332820325768	0.404487286209865	-4.28513352995106	1.82629463294298e-05	0.000377108235477305
ENSG00000054179	ENTPD2	136.41843962814	-6.33026039896296	0.494595557939271	-8.75515424563246	2.03824540644197e-18	1.37382711724448e-16
ENSG00000055163	CYFIP2	1159.16560167344	-3.97062517063873	0.138251311140691	-14.2539347683533	4.23718447421982e-46	1.19079247062778e-43
ENSG00000057294	PKP2	84.5748186828418	-6.58951846080498	1.06666356203199	-4.3026860803813	1.68739848670535e-05	0.000351050869611811
ENSG00000060718	COL11A1	7889.24591893017	-7.54294797484439	0.306868613080236	-18.0629355319408	6.24135015513538e-73	5.44672773275262e-70
ENSG00000062038	CDH3	341.682947418793	-6.99014499255645	0.513695676101357	-9.71420478059825	2.62288335303695e-22	2.35081237171382e-20
ENSG00000065717	TLE2	432.321210416099	-3.28136807480425	0.294713625087375	-4.34784131349326	1.37484016317273e-05	0.000290028304650981
ENSG00000067715	SYT1	1224.02856384432	-8.07314675063508	0.177840713429212	-34.1493611531897	1.36666603894785e-255	2.26606895917943e-251
ENSG00000070018	LRP6	1785.16733939487	-6.90589437144915	0.220948415067214	-22.203799787189	3.15610816624527e-109	7.47591850064469e-106
ENSG00000071242	RPS6KA2	3468.09099376615	-4.34318898484144	0.23501180411841	-9.97051613484414	2.05159892401594e-23	1.97776521855281e-21
ENSG00000073803	MAP3K13	478.133257833363	-4.86054207253553	0.195004795066726	-14.6690858117449	1.01706103277697e-48	3.2430555739375e-46
ENSG00000076344	RGS11	58.8144429351266	-7.27962057750641	0.779555772781477	-6.77260147618249	1.26487024861389e-11	5.33659378938087e-10
ENSG00000078018	MAP2	3484.10795805772	-2.97913933165759	0.126410469328535	-7.74571391798929	9.50462896358947e-15	5.0189889441171e-13
ENSG00000078114	NEBL	451.912184416962	-6.94455193861792	0.544258769095158	-9.08492838220748	1.03766974777576e-19	7.71551663133176e-18
ENSG00000079257	LXN	47.6767734025057	-7.06346084540854	0.651007626388696	-7.77788253187884	7.37484988582076e-15	3.91930724220494e-13
ENSG00000079308	TNS1	916.448504495082	-4.58645745005407	0.20065638906309	-12.889983030846	5.12550878374019e-38	1.02392844750839e-35
ENSG00000079385	CEACAM1	15.4446220041287	-7.21197625508226	1.15700824029727	-4.50470106742122	6.6466439405846e-06	0.000146944004238444
ENSG00000079931	MOXD1	5722.01697027306	-2.99435734137092	0.193852058030496	-5.12946497175953	2.90566830498773e-07	7.5279509632815e-06
ENSG00000081277	PKP1	14.0756358011322	-8.18826072741433	1.29430565602627	-4.78114323197296	1.74301114861695e-06	4.13460198214844e-05
ENSG00000081479	LRP2	9.0580371928111	-5.56326986754338	0.981730680311833	-3.62957982163861	0.000283882938487409	0.00492886178330862
ENSG00000081913	PHLPP1	1658.432040631	-2.76523801336362	0.12693069451279	-6.02878615216674	1.65195699042709e-09	5.6129300939081e-08
ENSG00000086967	MYBPC2	15.1528328867281	-7.66476142348083	1.65009614251989	-3.43298870745197	0.000596966961000028	0.00979061244346338
ENSG00000087510	TFAP2C	899.325621159071	-3.97332407550374	0.371406184222818	-5.3131158266333	1.07766491002729e-07	2.96331042672677e-06
ENSG00000088756	ARHGAP28	189.266942895232	-6.19702555026338	0.337088620301648	-12.4508075843902	1.38437234043432e-35	2.41623976597279e-33
ENSG00000092051	JPH4	32.5978693437959	-4.30939852020468	0.51753627766595	-4.46229302150546	8.10872383701656e-06	0.000177141963032374
ENSG00000099284	MACROH2A2	94.4089258109663	-5.92053806575438	0.381393730623419	-10.2795031773226	8.71758078940506e-25	9.03413794182033e-23
ENSG00000099337	KCNK6	72.8253183000471	-6.97663162212428	0.769084357120552	-6.47085274332814	9.74513711751661e-11	3.77532987255941e-09
ENSG00000099617	EFNA2	21.4889377212785	-3.79388801843596	0.477455455777451	-3.7571840403728	0.0001718361222333	0.00309360992698192
ENSG00000100077	GRK3	400.638417017681	-6.54304872947604	0.351784533887624	-12.9142935286839	3.7385960527554e-38	7.55971477448015e-36
ENSG00000100234	TIMP3	8122.00152476142	-9.16411183801763	0.379796600647635	-18.8630225383831	2.2970526486116e-79	2.24043705686053e-76
ENSG00000100311	PDGFB	168.529372168965	-4.8168970458399	0.552007653882004	-5.10300360154432	3.3430463785045e-07	8.56739598175937e-06
ENSG00000100678	SLC8A3	29.4874953913338	-10.2554094271289	1.27477365440537	-6.47598057788514	9.41981646746615e-11	3.65784489103176e-09
ENSG00000100767	PAPLN	603.521621868145	-4.04955983746023	0.237498754336208	-8.62977089369842	6.14749871881511e-18	3.9817061037763e-16
ENSG00000100842	EFS	615.517317781651	-2.65295480158642	0.152726573562483	-4.27531886793287	1.90863923153654e-05	0.000392503834170048
ENSG00000100968	NFATC4	1141.02252647482	-2.88029099331592	0.205424682106037	-4.28522504837818	1.82554296573036e-05	0.000377108235477305
ENSG00000101017	CD40	117.040986818968	-3.36803565806834	0.247877148066943	-5.5190067690261	3.40921063839222e-08	9.93464351409163e-07
ENSG00000101098	RIMS4	73.6001206330023	-3.22259637983975	0.309910180378082	-3.94500231760125	7.9799206802254e-05	0.00151044594519198
ENSG00000101144	BMP7	703.866028842645	-8.72600064407107	0.399797510201818	-16.8235180871331	1.64116899752431e-63	1.23691923399776e-60
ENSG00000101210	EEF1A2	2767.51756634569	-3.77810279857118	0.317320481800545	-5.603492054726	2.1007575054791e-08	6.29885356208841e-07
ENSG00000101335	MYL9	1002.57926032548	-4.35385578972511	0.157048013614978	-14.9881283789802	8.77924829349551e-51	3.03268158238436e-48
ENSG00000101825	MXRA5	2768.18653737101	-6.15547019396973	0.526151634740991	-7.89785666258615	2.83740171859078e-15	1.56302185700843e-13
ENSG00000102109	PCSK1N	254.144299808656	-4.97548840963786	0.366593850231903	-8.11658026384132	4.79503628653424e-16	2.77026120791025e-14
ENSG00000102349	KLF8	89.1581691516969	-9.91003506680048	1.06290797496673	-7.44188137928692	9.92613372918097e-14	4.89836974296279e-12
ENSG00000102531	FNDC3A	2540.71321498654	-2.71400990334529	0.171630578780946	-4.16015554114394	3.18030932975397e-05	0.000638410520540565
ENSG00000102575	ACP5	24.3733372329924	-5.31573511110792	0.689021947614795	-4.81223438902938	1.49252162242803e-06	3.57106796846741e-05
ENSG00000102854	MSLN	128.257189483647	-6.62710940563006	0.945804230424606	-4.89224858251351	9.96904211670795e-07	2.44521726830081e-05
ENSG00000103460	TOX3	528.814334613795	-5.02096381980151	0.332497281563025	-9.08567975533623	1.03052698665407e-19	7.6969225070771e-18
ENSG00000104219	ZDHHC2	581.211260422836	-3.48507268892583	0.196939474251292	-7.54075684710571	4.67251629123828e-14	2.34063421827861e-12
ENSG00000104327	CALB1	3724.22333834135	-6.74813600433553	0.331510508665063	-14.3227314978806	1.57797057598059e-46	4.59023335444458e-44
ENSG00000105048	TNNT1	215.149396052214	-6.82947717875351	0.49115756954118	-9.83284688713037	8.12877442559265e-23	7.52978819836602e-21
ENSG00000105355	PLIN3	1966.46739734721	-3.83087900928781	0.20233100807465	-9.04892940884429	1.44376874220934e-19	1.05925351834394e-17
ENSG00000105472	CLEC11A	199.765754275862	-7.27426157298427	1.20386308651297	-4.38111412507993	1.18074002640168e-05	0.000252617424229243
ENSG00000105696	TMEM59L	187.445151640294	-3.8742923353148	0.523392312492899	-3.58104674175975	0.00034222041808091	0.00584382775715712
ENSG00000105737	GRIK5	388.403116748628	-8.02650022624019	0.400310069841163	-15.0545806370332	3.22135594729314e-51	1.13645325451208e-48
ENSG00000105880	DLX5	290.027498380003	-13.5527367161788	1.19441909444456	-9.67226392303382	3.9552984655924e-22	3.46998962211574e-20
ENSG00000106025	TSPAN12	129.659403818441	-5.93114656886136	0.363382811985307	-10.8181962360407	2.82278052118253e-27	3.36723192962069e-25
ENSG00000106511	MEOX2	29.5462076027617	-5.97651198573446	1.00852537402627	-3.94289731140754	8.0503130687218e-05	0.00152029887235166
ENSG00000106688	SLC1A1	54.9782500486715	-3.69393413991628	0.417187082758804	-4.06037053859509	4.89948981937331e-05	0.000959131531228205
ENSG00000106809	OGN	438.848100066938	-7.07878627994127	0.35926983290314	-14.1364117295942	2.26544846197606e-45	6.15793458164346e-43
ENSG00000106819	ASPN	90.7838134658796	-3.88998707118941	0.345985030514198	-5.46262671648117	4.69140424291395e-08	1.34581615487468e-06
ENSG00000107518	ATRNL1	307.128067476498	-3.27940496244029	0.338470395414699	-3.7799612012529	0.000156852798866817	0.0028361791254206
ENSG00000107796	ACTA2	2310.49848118697	-4.38016598715436	0.23390344038906	-10.1758485603946	2.54174838516595e-24	2.60152654163189e-22
ENSG00000109472	CPE	344.503331325523	-3.34214290766573	0.310903464527879	-4.31691203474955	1.58227177392041e-05	0.000330423781906477
ENSG00000109906	ZBTB16	95.5857044688682	-4.11625189355931	0.400885526373391	-5.27894312549513	1.29931123005816e-07	3.52024174928012e-06
ENSG00000110042	DTX4	262.595869945627	-6.1214627478252	0.369356695012713	-11.1584893504728	6.50881436822432e-29	8.30174238765596e-27
ENSG00000110328	GALNT18	68.8898918707322	-4.39813285656371	0.61832161808972	-3.87845546137081	0.00010512176738873	0.00194533931369703
ENSG00000111186	WNT5B	572.689689476361	-3.1518578184693	0.202549963446496	-5.68678364029214	1.29454294520054e-08	3.96761859045658e-07
ENSG00000111261	MANSC1	136.922874962931	-5.96628479029243	0.698664184014293	-5.67695450982397	1.37113916301884e-08	4.18689842762715e-07
ENSG00000111266	DUSP16	936.197046196427	-6.89340394350866	0.360615735288234	-13.5695796513079	6.06689589546323e-42	1.41683381468558e-39
ENSG00000111269	CREBL2	812.670876384899	-7.2734958213561	0.33458295142411	-15.7614002713233	5.73481208401736e-56	2.641358865697e-53
ENSG00000111276	CDKN1B	758.146926992116	-6.83131719203719	0.355379219342219	-13.5948218947062	4.29805680694894e-42	1.03284173791334e-39
ENSG00000111783	RFX4	224.259570622597	-3.48311253154213	0.23097986165767	-6.4209603421627	1.35417306652594e-10	5.13811066729211e-09
ENSG00000111913	RIPOR2	1813.61247737915	-7.29490719498184	0.395536973855126	-13.3866301887652	7.23914120733792e-41	1.64427671724479e-38
ENSG00000112343	TRIM38	435.508920717692	-2.76886265735764	0.193493930939114	-3.97357505543455	7.08018335601559e-05	0.00135249447265086
ENSG00000112414	ADGRG6	876.241744588203	-5.94881155350351	0.378610304368043	-10.429751932121	1.81361154925159e-25	1.96545706523795e-23
ENSG00000112559	MDFI	299.809440448755	-3.487535789435	0.306108774861939	-4.85950064680736	1.17682197800512e-06	2.84859638208801e-05
ENSG00000112782	CLIC5	795.922534020565	-7.6705540253962	0.337890755794047	-16.7822111974337	3.29341190154022e-63	2.37426359736688e-60
ENSG00000112902	SEMA5A	1072.53030996957	-4.95785877609221	0.185279937985175	-15.9642690312693	2.26681795610835e-57	1.16456509214231e-54
ENSG00000113296	THBS4	119.660591556238	-3.63812702520891	0.325081529524404	-5.03912673108651	4.6766075327518e-07	1.1820553277524e-05
ENSG00000113494	PRLR	46.8616495877084	-7.24999252019398	0.629645894478543	-8.33800802360808	7.55524486740212e-17	4.47405411237123e-15
ENSG00000114200	BCHE	1603.63800147192	-3.95364569381726	0.221380829896053	-8.82481872858899	1.09637251555666e-18	7.51196391753924e-17
ENSG00000114854	TNNC1	17.3993292837772	-5.5331565777093	0.659433140325778	-5.3578692996288	8.42091198381921e-08	2.35062527952367e-06
ENSG00000115718	PROC	11.343906635367	-4.54461643384564	0.738877247579333	-3.44389604928581	0.000573396112723445	0.00945077628734338
ENSG00000115738	ID2	431.45823195531	-4.21030012130405	0.521644955332558	-4.23717338528645	2.26351341196066e-05	0.000463349578811354
ENSG00000116106	EPHA4	435.948862081175	-4.4628874107583	0.290144894402707	-8.48847406337581	2.09367949246509e-17	1.30508645355503e-15
ENSG00000116117	PARD3B	340.911524510432	-3.32720009532644	0.224971351677148	-5.89941823895462	3.64785483160371e-09	1.19065120005553e-07
ENSG00000117069	ST6GALNAC5	372.519988643081	-11.2949542686866	0.939076783987743	-9.89797046117575	4.24808134596293e-23	4.02499638842351e-21
ENSG00000117114	ADGRL2	794.052358901472	-6.3422293378399	0.41046141351352	-10.5788977840103	3.73323998145019e-26	4.15441960620307e-24
ENSG00000117122	MFAP2	351.227942830984	-3.83904548170249	0.294944000444154	-6.23523610900062	4.51097189087226e-10	1.61199191643433e-08
ENSG00000118507	AKAP7	420.75796561821	-3.34002723572876	0.245395092712582	-5.46069288067738	4.74279896579579e-08	1.35627850382173e-06
ENSG00000118526	TCF21	39.4971477791621	-4.6459947158537	0.465836446426214	-5.68009381007677	1.34620886554414e-08	4.11835594088329e-07
ENSG00000118596	SLC16A7	70.0745185679086	-6.31420447921582	0.614294328016751	-7.02302509148054	2.17115201868454e-12	9.78257381027402e-11
ENSG00000118946	PCDH17	2478.94166571414	-4.62592807773363	0.227253092916057	-11.5550817990565	6.9581198914873e-31	1.02099633558187e-28
ENSG00000118971	CCND2	443.066917569072	-7.66708076214108	0.507685305585203	-11.1625857589254	6.21569671344355e-29	7.98933854307035e-27
ENSG00000119866	BCL11A	117.779166795056	-3.58579255321388	0.321000313808477	-4.94015888769514	7.80589374112168e-07	1.92317272097383e-05
ENSG00000120162	MOB3B	272.892587590236	-6.25630219615155	0.539954427178153	-7.88270635800756	3.20365323240928e-15	1.75893292207213e-13
ENSG00000120251	GRIA2	108.955391014042	-7.19984547148792	0.788805424543484	-6.59205085271478	4.33791945784005e-11	1.75431811049868e-09
ENSG00000120594	PLXDC2	1048.88606676634	-14.2110033367794	1.2046554725096	-10.1365109074222	3.80445989642421e-24	3.82313633591575e-22
ENSG00000121005	CRISPLD1	140.440889307136	-4.11271028705627	0.299164043270967	-7.06204617358606	1.64068445579983e-12	7.45320245523752e-11
ENSG00000121410	A1BG	147.349019729676	-4.21219225586941	0.379360393593536	-5.8313737892197	5.4972883970703e-09	1.76991337692859e-07
ENSG00000121769	FABP3	130.708133273732	-4.39948741852321	0.539863574973285	-4.4446181030864	8.80481296623735e-06	0.000191591343560606
ENSG00000121871	SLITRK3	341.95203358373	-9.73337340252448	0.547129738944305	-14.1344417092848	2.32974267082901e-45	6.23055858467996e-43
ENSG00000122584	NXPH1	39.2904432841244	-8.72069452433155	1.05238539577974	-6.38615335340341	1.70110415593736e-10	6.41045636581757e-09
ENSG00000122585	NPY	279.142268939892	-13.5278173718804	1.25331224926178	-9.19788135691677	3.65076560645614e-20	2.82866095890885e-18
ENSG00000122863	CHST3	3901.95249602822	-2.72916461839917	0.149115841856014	-4.88992054313889	1.00876688439871e-06	2.47065933681166e-05
ENSG00000123243	ITIH5	54.6087297560684	-7.27051310372895	0.69398644750364	-7.59454759194171	3.08869619219416e-14	1.5758052788545e-12
ENSG00000124140	SLC12A5	36.5135327927471	-4.04861981161966	0.522879428514864	-3.91795832824855	8.9302139262121e-05	0.00167502123428193
ENSG00000124212	PTGIS	250.86277956381	-5.30610230946999	0.26977562540643	-12.2550074881272	1.57934756581219e-34	2.6721593866053e-32
ENSG00000124440	HIF3A	567.71259385486	-12.6713832401561	1.03785887226922	-10.2821139995881	8.48458548354151e-25	8.84798188066677e-23
ENSG00000124491	F13A1	5.07682199335413	-7.57385044718209	1.53816636621905	-3.62369804046822	0.000290420642999461	0.00503709694725321
ENSG00000124882	EREG	31.2912789450537	-3.82901160943747	0.42822934871675	-4.27110289128563	1.9450863556797e-05	0.000399151941380261
ENSG00000126217	MCF2L	179.488127448276	-4.51807266356409	0.419560360694598	-6.00169343785319	1.95270123065071e-09	6.58084128158932e-08
ENSG00000126562	WNK4	136.997926248795	-4.91718100851271	0.511575238320994	-5.70234989888679	1.1816695283927e-08	3.64865222537791e-07
ENSG00000127083	OMD	257.141247123263	-6.2569025844031	0.418594902824421	-10.1695041092955	2.71286263076152e-24	2.75963038531637e-22
ENSG00000127152	BCL11B	22.3259742123178	-7.42227010956583	0.911708804906023	-5.94737056435991	2.72484077087969e-09	8.98222362265528e-08
ENSG00000127955	GNAI1	295.220475448844	-3.10982316341765	0.239152380266825	-4.64065280127844	3.47310247597925e-06	7.98717228213758e-05
ENSG00000128594	LRRC4	237.573609413645	-3.55250986983006	0.30407313019082	-5.10571213199861	3.29551055714336e-07	8.45864714365233e-06
ENSG00000128610	FEZF1	723.460833149767	-8.7435234450925	0.467612747684034	-14.4211711047046	3.80825376110968e-47	1.12758313594571e-44
ENSG00000128656	CHN1	3618.0181884549	-3.06370795942388	0.236513968507486	-4.49744243917758	6.87757723165951e-06	0.00015164509052945
ENSG00000129038	LOXL1	1582.74012650245	-3.23208434535447	0.355766122949339	-3.46318625039495	0.000533818748215157	0.0088867958475457
ENSG00000129596	CDO1	822.229533419905	-4.12565747685908	0.235922027852916	-9.01000002502652	2.06056445016625e-19	1.47455256393989e-17
ENSG00000130055	GDPD2	120.954003451008	-4.79504947140596	0.709348463929926	-3.94030524281515	8.1377995348987e-05	0.00153507228769233
ENSG00000130176	CNN1	148.194593666096	-3.42372766915844	0.291696681768615	-4.88084972556458	1.05629711984513e-06	2.57757589208284e-05
ENSG00000130433	CACNG6	69.7666567309002	-7.11781597907873	1.12105107977813	-4.56519428186235	4.99031959796651e-06	0.000111816877370112
ENSG00000130584	ZBTB46	144.697669298787	-3.21964819235884	0.263058519205141	-4.63641396615526	3.54505648023748e-06	8.13009425986412e-05
ENSG00000130720	FIBCD1	281.13043954638	-3.67853716673333	0.351795423591983	-4.77134452061581	1.83000214006619e-06	4.32240249066061e-05
ENSG00000131389	SLC6A6	4684.14154724905	-2.72308501770153	0.163994680822656	-4.40919799394879	1.03754136167957e-05	0.000222554635420556
ENSG00000131398	KCNC3	33.4878885401734	-6.71563710472941	1.22897919838996	-3.83703573738855	0.000124528355871001	0.00228155212010726
ENSG00000131409	LRRC4B	479.814510818117	-6.13603975553117	0.433863229599719	-9.53304975705608	1.52729147513682e-21	1.2854832461545e-19
ENSG00000131620	ANO1	420.945102550298	-12.2702684349889	1.27516048825983	-8.05409870329688	8.00665896005959e-16	4.56214474971643e-14
ENSG00000132386	SERPINF1	1778.77841757582	-7.04135489875337	0.300569843948624	-16.7726570055214	3.86818109561547e-63	2.67242961443334e-60
ENSG00000132470	ITGB4	3144.07804097366	-7.80499709347633	0.376147413755475	-15.4327715177381	9.85458227329942e-54	3.89044830175185e-51
ENSG00000132793	LPIN3	97.8755020063521	-8.41573069632725	1.0676773825608	-6.00905367213011	1.86609345266176e-09	6.30177098545513e-08
ENSG00000133107	TRPC4	35.9557736238589	-7.28650723728849	0.775721875190502	-6.81495186143903	9.42953352769929e-12	4.02966740780366e-10
ENSG00000133115	STOML3	15.0154057748677	-8.95396585417068	1.32945868875544	-5.23067464449049	1.68892532145662e-07	4.49503543420101e-06
ENSG00000133256	PDE6B	65.9758891445475	-5.1624535270196	0.56461623549049	-5.60106728824815	2.13036013813011e-08	6.37608329428436e-07
ENSG00000134533	RERG	91.8719287884282	-3.98670153071114	0.292558670759481	-6.79077986495384	1.11528995233972e-11	4.72957102295267e-10
ENSG00000134602	STK26	22.9502337372947	-4.66584141554557	0.472981944342162	-5.6362435129597	1.7379957303079e-08	5.24912699530699e-07
ENSG00000135205	CCDC146	188.752464511857	-3.1414148208352	0.288951029042369	-3.95020161242559	7.80853903600398e-05	0.00148478653389888
ENSG00000135439	AGAP2	317.734623373084	-2.97306362854195	0.216483509715264	-4.49486258709404	6.96148874984417e-06	0.00015329142757127
ENSG00000135750	KCNK1	211.157495612502	-9.43139804744373	1.21070901343424	-6.13805461509217	8.35381450611037e-10	2.89720536346529e-08
ENSG00000136002	ARHGEF4	1660.55941965527	-5.73267644397549	0.403800930917294	-9.24385299334542	2.37777184280195e-20	1.87742071073805e-18
ENSG00000136014	USP44	127.875749988637	-6.64043005747559	0.399564231751766	-11.6137273777762	3.50975244990831e-31	5.33900966714951e-29
ENSG00000136156	ITM2B	3360.657588985	-10.9874684969429	0.380195374002311	-23.6390790406837	1.52876972752592e-123	6.33713271302683e-120
ENSG00000136160	EDNRB	679.62571347678	-5.05508950483197	0.70330983294665	-4.3438742951056	1.3999163982976e-05	0.000294942996190248
ENSG00000136161	RCBTB2	97.4176971112295	-10.1576107154916	1.19382859661826	-6.83315070404545	8.30696064340218e-12	3.55911406791348e-10
ENSG00000136378	ADAMTS7	255.037093457638	-3.30675484326677	0.288665214065642	-4.52688713289027	5.9858889413342e-06	0.000133045609297939
ENSG00000136960	ENPP2	99.4843213843464	-10.169409720078	1.05022316122233	-7.77873695964745	7.32521905195359e-15	3.90544878136471e-13
ENSG00000137070	IL11RA	93.6673421373417	-3.66013239718467	0.385455207286969	-4.30693986175341	1.65528589256472e-05	0.000344802705836879
ENSG00000137449	CPEB2	778.596232244474	-2.98910344349103	0.135107418000577	-7.32086704141449	2.46373855830565e-13	1.19448096594345e-11
ENSG00000137558	PI15	3112.48323609914	-9.48424671998288	0.466262757542814	-16.0515644857088	5.57410778070713e-58	2.98142842296468e-55
ENSG00000137571	SLCO5A1	410.448901544526	-3.56282865928386	0.259083848293886	-6.03213465283679	1.61807860007661e-09	5.50910908991177e-08
ENSG00000137573	SULF1	529.556177059249	-8.84424348024338	0.445440175793678	-15.3651238756101	2.80502002867941e-53	1.05704629762576e-50
ENSG00000137726	FXYD6	918.696535853937	-4.22823431630972	0.17018048471988	-13.0933597937357	3.59353481906588e-39	7.54232921961157e-37
ENSG00000137819	PAQR5	39.0908291785723	-4.08771768647203	0.392299116005857	-5.32174965808707	1.02773940959844e-07	2.83072211803185e-06
ENSG00000137868	STRA6	1154.30621167059	-7.32962774495949	0.346603746232209	-15.3767170808041	2.34541994752795e-53	9.04404840696767e-51
ENSG00000137877	SPTBN5	298.473502807076	-6.08317048502765	0.587253400244126	-6.95299590148008	3.57609083237308e-12	1.58543214148604e-10
ENSG00000138083	SIX3	618.89861134912	-8.47819685524154	0.263305183626571	-24.6033775940741	1.16230200899024e-133	6.42404320368908e-130
ENSG00000138131	LOXL4	453.818193926599	-3.25704260254585	0.362644463274838	-3.46632233453728	0.00052763031328967	0.00880144690609258
ENSG00000138435	CHRNA1	406.009376839922	-9.30238729699641	0.494964713160408	-14.753349284982	2.92767277135509e-49	9.51838082781153e-47
ENSG00000138653	NDST4	55.6803596240515	-7.14739110256793	0.893696200378491	-5.75966542141272	8.42808269081181e-09	2.63671771879907e-07
ENSG00000138696	BMPR1B	308.550252187394	-2.97108876508195	0.199284518380813	-4.87287609179101	1.09985209629919e-06	2.67792182213463e-05
ENSG00000138722	MMRN1	31.9545585672158	-7.97754363094215	1.17485578231205	-5.08789565573629	3.62058471064197e-07	9.26433874801767e-06
ENSG00000138759	FRAS1	121.977725105445	-4.59905597677487	0.365645256782512	-7.10813535404562	1.17621180640756e-12	5.38750496189055e-11
ENSG00000139083	ETV6	476.686891796621	-6.69542245636188	0.404899392285635	-11.5965164330242	4.29195534117108e-31	6.41125328936556e-29
ENSG00000139155	SLCO1C1	67.342981907119	-5.90595387496821	0.593120114056135	-6.58543485948707	4.53555917078375e-11	1.82978361583371e-09
ENSG00000139329	LUM	742.561810579189	-8.27298869867016	0.400345325864591	-15.6689445171439	2.46641216890358e-55	1.07619947822606e-52
ENSG00000139629	GALNT6	361.558771667287	-5.98146592166161	0.33800027504934	-11.779475389718	4.98020628568868e-32	7.86445718314324e-30
ENSG00000139644	TMBIM6	13010.0554427784	-4.06522839343109	0.155265807412761	-13.3012440269019	2.27648826665957e-40	5.03286025993099e-38
ENSG00000139679	LPAR6	149.693884328555	-10.3499410759888	1.20505578440197	-6.92909090522523	4.23553580322031e-12	1.85301897501836e-10
ENSG00000139687	RB1	798.38862725409	-10.0307949697361	0.485317202649042	-16.5475176356844	1.66841487275361e-61	1.1065594802051e-58
ENSG00000140285	FGF7	18.8245530500181	-6.59783146526385	0.817565245158578	-5.62380983351614	1.86791273519557e-08	5.63124746586867e-07
ENSG00000140379	BCL2A1	27.8143942446544	-10.1827604868799	1.29611269479903	-6.31330942109835	2.73130624895104e-10	1.0108881453986e-08
ENSG00000140481	CCDC33	25.0612149671983	-6.80353408525263	0.775465931164478	-6.19438442387715	5.85132576616272e-10	2.05552611289712e-08
ENSG00000140538	NTRK3	886.870094254839	-7.07135340930543	0.45865475067476	-11.057017074051	2.02727826152613e-28	2.50852991450484e-26
ENSG00000141431	ASXL3	64.2682477725247	-5.44718482767732	0.411604213048692	-8.37499889066861	5.52243920023312e-17	3.3297296137842e-15
ENSG00000141540	TTYH2	250.842490791633	-5.13665789689051	0.403193536156991	-7.77953418298152	7.27920756513079e-15	3.89343679475592e-13
ENSG00000141753	IGFBP4	640.044657653511	-5.08683923142682	0.345840777084639	-8.92560807157614	4.43257367690151e-19	3.10111831800439e-17
ENSG00000142408	CACNG8	296.219449862549	-6.68196519688331	0.407692083982511	-11.4840718788255	1.58629825416192e-30	2.19186761268823e-28
ENSG00000142606	MMEL1	15.6426373920558	-4.94894299489834	0.700719479208603	-4.2084501464536	2.57128242634212e-05	0.000523121888480721
ENSG00000142611	PRDM16	125.83721662483	-6.12532575646386	0.628226035620386	-6.56662653656182	5.14679133337757e-11	2.05149236190885e-09
ENSG00000142700	DMRTA2	45.8551587532414	-4.68059299312772	0.584900732205198	-4.58298792518403	4.58378518904169e-06	0.000103547332724115
ENSG00000143320	CRABP2	289.932718895473	-3.92588244620377	0.305048743004065	-6.31335971831264	2.73041830148572e-10	1.0108881453986e-08
ENSG00000143341	HMCN1	182.722325387202	-6.23412059878811	0.527496515178483	-8.02682193522256	1.00030108555748e-15	5.6607482251292e-14
ENSG00000143768	LEFTY2	8.49653162589704	-8.38165685906838	1.39180273805168	-4.58517337593528	4.53609872506476e-06	0.000102609894898088
ENSG00000143816	WNT9A	188.802164485079	-3.91655744305872	0.418762560931431	-4.5767163110184	4.72331286759095e-06	0.000106409307958594
ENSG00000144115	THNSL2	35.8672271470085	-4.65127502808266	0.726746572538033	-3.64814245882654	0.000264143170599516	0.00461999779716305
ENSG00000144278	GALNT13	34.0065108204939	-4.37701787458194	0.494389941034035	-4.80798187279118	1.52461586432055e-06	3.63736052464733e-05
ENSG00000144285	SCN1A	104.300777126534	-7.94316522387258	0.905106129236628	-6.56626337166126	5.1593529637295e-11	2.05149236190885e-09
ENSG00000144583	MARCHF4	48.830005563716	-5.57523202312246	0.751506672664766	-4.75741886688118	1.96084025578973e-06	4.60519720697586e-05
ENSG00000144596	GRIP2	132.38082211876	-9.91092701795196	1.26417638371046	-6.25777155774163	3.90517279005544e-10	1.41379192209409e-08
ENSG00000144730	IL17RD	2782.73554547988	-3.05570122570042	0.188799167709751	-5.59166249781037	2.24905669571262e-08	6.68308406301272e-07
ENSG00000145147	SLIT2	1846.7377460411	-3.3041694081712	0.19506605755287	-6.68578339323705	2.29692557502558e-11	9.56917662298974e-10
ENSG00000145358	DDIT4L	23.4325728883816	-4.17516848928399	0.454838111935073	-4.78229161586726	1.73308010777618e-06	4.1169342789451e-05
ENSG00000145416	MARCHF1	713.379810977333	-3.05125329920901	0.165127191737732	-6.36632457771518	1.93611500497254e-10	7.26305947906102e-09
ENSG00000145506	NKD2	23.0544450918004	-5.10805904158288	0.559075432739127	-5.55928388116662	2.708837920647e-08	7.9636953124553e-07
ENSG00000145708	CRHBP	169.134285100437	-5.96717562127245	0.525482289760517	-7.54958958384771	4.36631973662753e-14	2.20054551832891e-12
ENSG00000146122	DAAM2	74.8519014551685	-4.62338637383474	0.382720770695995	-6.85457015845781	7.15272612735456e-12	3.0805026472121e-10
ENSG00000146151	HMGCLL1	22.7925211687271	-6.60852114607991	1.07430112973493	-4.28978525529152	1.78845965737826e-05	0.000371144550425393
ENSG00000146411	SLC2A12	1223.18429985859	-4.38584371574728	0.255895939911076	-9.3234918716427	1.12573096797568e-20	9.10524155122181e-19
ENSG00000146530	VWDE	179.310804431117	-4.29612696807829	0.38562828524976	-5.95424935334075	2.61268201147395e-09	8.62965745662342e-08
ENSG00000146950	SHROOM2	1555.28931614029	-5.27476044132231	0.508940921211298	-6.43446086734049	1.23912356283402e-10	4.73408013717763e-09
ENSG00000147576	ADHFE1	19.0589172603997	-4.8032127210092	0.750701005298354	-3.73412677114387	0.000188367601761053	0.00337655495931773
ENSG00000147804	SLC39A4	169.181398964121	-4.14200510789246	0.369989810701929	-5.78936242549148	7.06540988122514e-09	2.23571681756859e-07
ENSG00000148204	CRB2	714.68816685707	-3.20264989675442	0.319652364051432	-3.76236822250099	0.000168311996283217	0.00303345783736089
ENSG00000148426	PROSER2	72.368604838772	-7.27553225258845	0.544457620177197	-9.68951862749482	3.34099594924494e-22	2.96240929595885e-20
ENSG00000148541	FAM13C	108.264587774797	-3.44262455250119	0.272466580672054	-5.29468439374428	1.19222135042913e-07	3.25670876630402e-06
ENSG00000148600	CDHR1	386.20108358891	-6.24744136520065	1.06387578116336	-3.99242227373201	6.5401773550515e-05	0.0012580357392588
ENSG00000148704	VAX1	460.188247323737	-6.80683451041174	0.446659987455582	-10.7617307245139	5.21808305751415e-27	6.05042204032462e-25
ENSG00000149451	ADAM33	120.409062889932	-4.58255560237842	0.445310135866034	-5.79945389600419	6.65312263717195e-09	2.11332234572698e-07
ENSG00000149591	TAGLN	1102.88839039031	-5.82687798482964	0.182481215134963	-20.9713530348824	1.19807997573818e-97	2.20726267530165e-94
ENSG00000150051	MKX	9.5076272237498	-8.44981406419327	1.39999489084143	-4.60702685873146	4.08467258443431e-06	9.30329067616831e-05
ENSG00000150054	MPP7	20.7272399858276	-4.29021131054016	0.495101423086857	-4.6257417243141	3.73260196163991e-06	8.54838026601538e-05
ENSG00000150275	PCDH15	46.6379712244384	-7.98317896054754	1.22588471118407	-4.88070281484172	1.05708437767103e-06	2.57757589208284e-05
ENSG00000151572	ANO4	175.190926120918	-3.99883229066627	0.274952253297036	-7.2697432615942	3.60171371357699e-13	1.71117521733009e-11
ENSG00000151623	NR3C2	609.499072512897	-6.34068380222512	0.347036091589226	-12.5078742742499	6.76093567065818e-36	1.23190191599103e-33
ENSG00000151892	GFRA1	1580.87949231189	-7.63346341139003	0.264505492837467	-21.2980961225318	1.1822962443093e-100	2.45045675336157e-97
ENSG00000151952	TMEM132D	183.253533663118	-8.69817910248163	0.523305221652083	-12.7997559079104	1.64467375349797e-37	3.17096924497091e-35
ENSG00000152092	ASTN1	641.638635149758	-3.07697717673251	0.270787389569189	-3.97720580137034	6.97298125650277e-05	0.00133509240431954
ENSG00000152582	SPEF2	73.8048541750244	-4.29198534627926	0.306705444803164	-7.47292030550744	7.84343540014177e-14	3.88214932447017e-12
ENSG00000152583	SPARCL1	1879.46668670784	-6.30101969484455	0.654982702197398	-6.56661569903309	5.1471657627567e-11	2.05149236190885e-09
ENSG00000152822	GRM1	59.0185157846426	-5.42124566922169	0.434324188025979	-7.87717047206464	3.34877888767024e-15	1.83254464476767e-13
ENSG00000153266	FEZF2	245.615069154456	-6.26951075871752	0.274881469298911	-15.5321883632497	2.10086351602395e-54	8.93190204081875e-52
ENSG00000153823	PID1	134.188989154843	-7.65315469953692	0.611402966029271	-9.24620097323223	2.32613562685492e-20	1.84543803009002e-18
ENSG00000153885	KCTD15	303.89653029606	-4.33513637260584	0.278325766404341	-8.38993961203522	4.86391947842432e-17	2.94338134568444e-15
ENSG00000153956	CACNA2D1	1102.54972026034	-3.19549753300403	0.306520099907222	-3.90022557530774	9.61031039090909e-05	0.00178842375523753
ENSG00000153993	SEMA3D	81.1271204131854	-8.03290593540268	0.595045227619572	-10.1385670456291	3.72523820660732e-24	3.76635211608269e-22
ENSG00000154175	ABI3BP	867.30952714971	-6.95869587825275	0.321074944356171	-15.4440449664986	8.27441504998168e-54	3.34629453521332e-51
ENSG00000154654	NCAM2	52.3240460225265	-5.5102207064247	0.614859558007777	-5.70897965349723	1.13655475772913e-08	3.51589821602737e-07
ENSG00000154734	ADAMTS1	617.073187852398	-3.61978047467952	0.411253509510249	-3.93864231483026	8.19439839543876e-05	0.00154399227039511
ENSG00000154864	PIEZO2	388.597058546885	-6.66873090373525	0.50880801342389	-9.1758203105298	4.48149195020848e-20	3.44016750122254e-18
ENSG00000155511	GRIA1	2460.0906637989	-8.22991563914425	0.380568578417397	-16.3700210486412	3.13105659156969e-60	1.79020859809714e-57
ENSG00000155629	PIK3AP1	190.878813838056	-4.28272084813989	0.363617080133665	-6.27781524261943	3.43363585148978e-10	1.24580122655475e-08
ENSG00000155970	MICU3	166.59193228404	-9.51954245694067	1.03650482518033	-7.25471051775611	4.02521774408159e-13	1.90148533944778e-11
ENSG00000156239	N6AMT1	216.383697486442	-9.68216860246804	1.22838622396456	-6.25387069033891	4.00402577318623e-10	1.44642159793466e-08
ENSG00000156687	UNC5D	153.293292102625	-8.98264380951309	1.2493808312212	-5.58888341730675	2.28534310876446e-08	6.77876101724927e-07
ENSG00000157168	NRG1	1251.34348007041	-9.31483719341939	0.890399388166469	-8.21523160351926	2.11755162980685e-16	1.24507530403643e-14
ENSG00000157326	DHRS4	116.805648371798	-7.24077432067501	0.668434563960073	-7.8403700275859	4.49220688729075e-15	2.42623069700873e-13
ENSG00000158246	TENT5B	147.240245214211	-5.13178994294273	0.629980516175987	-4.97124889187503	6.6522983910068e-07	1.65369954454698e-05
ENSG00000158258	CLSTN2	808.715794353379	-8.28076342110998	0.515541116301219	-12.1828564638485	3.83607068514989e-34	6.42483717479498e-32
ENSG00000159217	IGF2BP1	300.647133940228	-2.51896239664233	0.137028497173493	-3.78725890852664	0.000152318360748615	0.0027602084585495
ENSG00000159674	SPON2	316.658649133453	-4.06661300581736	0.353680787590901	-5.843158798345	5.12201482358429e-09	1.65551906023102e-07
ENSG00000160111	CPAMD8	19.1299721974743	-4.12429670563187	0.468140700461215	-4.5377312921927	5.68626499465272e-06	0.00012655565084072
ENSG00000160191	PDE9A	360.777260721187	-5.95201284974423	0.470669170453909	-8.39658320074998	4.59658069398053e-17	2.80205531201806e-15
ENSG00000160201	U2AF1	12.3306172367211	-5.91721615733463	1.08844514777634	-3.59891002806838	0.000319553712401696	0.00548501046100674
ENSG00000160233	LRRC3	101.808631736933	-8.95903411077923	1.19694520127621	-5.8139955808832	6.099902506316e-09	1.94879544233575e-07
ENSG00000161381	PLXDC1	1623.94439250809	-7.212836330672	0.391574749033859	-13.3124935750677	1.95834877345312e-40	4.3880244611657e-38
ENSG00000161835	TAMALIN	92.1847083700497	-4.73036484498142	0.552567099239789	-4.9412367271555	7.76285861980323e-07	1.91541605319877e-05
ENSG00000162105	SHANK2	16.715344250498	-7.38111940130222	1.10785202194933	-4.85725466460206	1.19024471644049e-06	2.87688741155972e-05
ENSG00000162591	MEGF6	50.8103141462387	-4.89141401400066	0.48270905512351	-5.98997260008069	2.09876393333794e-09	7.01604935053958e-08
ENSG00000162630	B3GALT2	56.777656467231	-4.81095530852828	0.431913626967875	-6.50814221413151	7.60858716693381e-11	2.98245824621583e-09
ENSG00000162670	BRINP3	129.126459103003	-10.2926677175652	1.07430620239402	-7.71909135317801	1.17161912159806e-14	6.16717989054519e-13
ENSG00000162804	SNED1	794.108107296007	-6.11743411255083	0.257938008469522	-15.9628824653709	2.31775212838165e-57	1.16456509214231e-54
ENSG00000163017	ACTG2	1207.47411629471	-13.7408470552206	1.21617818350203	-9.65388724653194	4.73269264896318e-22	4.10852234620201e-20
ENSG00000163110	PDLIM5	3248.8037202461	-3.0452023032904	0.204526153638306	-5.11036014073189	3.2154527311517e-07	8.27879219491092e-06
ENSG00000163406	SLC15A2	113.925494420408	-4.94422674502533	0.547381329783387	-5.37874893575643	7.50052188553005e-08	2.10433423661546e-06
ENSG00000163431	LMOD1	59.4030972232393	-4.30587544264252	0.619666696309526	-3.72115438246938	0.000198314147795292	0.00353574933827283
ENSG00000163449	TMEM169	148.093839263403	-4.08208530884028	0.311379458098859	-6.68664953543354	2.28337817636991e-11	9.53669862528702e-10
ENSG00000163520	FBLN2	48.7414521851805	-4.37950918861392	0.683926646070683	-3.47918772032754	0.000502936150446317	0.00844046994994977
ENSG00000163590	PPM1L	526.032338697945	-4.65524149371647	0.25800687455165	-10.2913594776519	7.70803048410108e-25	8.08904135803038e-23
ENSG00000163623	NKX6-1	277.597008898759	-3.93765345940638	0.215270019162295	-9.00103724125909	2.23595083337588e-19	1.58437182770109e-17
ENSG00000164100	NDST3	94.5376908074823	-8.28982587441944	0.603721609268614	-10.4184209706181	2.04317090158885e-25	2.19985822852238e-23
ENSG00000164106	SCRG1	105.96031601483	-4.89642188336625	0.550802891082213	-5.25854517153201	1.45199521288005e-07	3.89571725319808e-06
ENSG00000164199	ADGRV1	2143.49949073829	-8.31877528531021	0.331653943890886	-19.052314624032	6.28603273297022e-81	8.01759298041379e-78
ENSG00000164220	F2RL2	132.691222074886	-3.57920660241129	0.314688707042879	-5.01831354944716	5.21270502419032e-07	1.30364799405882e-05
ENSG00000164237	CMBL	586.155075240432	-3.325562870819	0.164924373851294	-8.03739823207824	9.17660558431734e-16	5.21086634224541e-14
ENSG00000164308	ERAP2	693.535559968544	-3.37373247320374	0.219847224200285	-6.24857774848337	4.14207027527695e-10	1.48979755389083e-08
ENSG00000164418	GRIK2	1175.63627656187	-4.49450923425906	0.33825463813039	-7.37464901603943	1.64778578381433e-13	8.05956816561223e-12
ENSG00000164659	ELAPOR2	169.635092502551	-7.02491281446498	0.475641621273885	-10.5644934961895	4.35312250932392e-26	4.81194162180666e-24
ENSG00000164690	SHH	168.928497569119	-5.11391172518337	0.481843236642842	-6.46249960231673	1.02987416611071e-10	3.9712426856469e-09
ENSG00000164938	TP53INP1	994.098935170603	-3.71663567005775	0.247893040277332	-6.92490466104756	4.36269233744301e-12	1.89862996449193e-10
ENSG00000165023	DIRAS2	618.993323257878	-3.63398397546489	0.257048265010858	-6.35672049914778	2.06106512491076e-10	7.67966760362814e-09
ENSG00000165078	CPA6	200.186203066734	-7.06296246806368	1.21498873586701	-4.16708593141878	3.08518220858654e-05	0.000620818036414726
ENSG00000165092	ALDH1A1	308.494078853454	-6.60220802237787	0.601226998487806	-7.65469287632334	1.93774780563777e-14	1.0009282356785e-12
ENSG00000165238	WNK2	158.457862997272	-4.93249103882324	0.488668537114663	-6.00098188464945	1.9612787373215e-09	6.59634132728758e-08
ENSG00000165323	FAT3	685.385561155118	-3.97484636849818	0.474846049121357	-4.15891923740839	3.19756922426196e-05	0.000641099096825726
ENSG00000165379	LRFN5	33.8355605553799	-10.3350981440462	1.35800440563042	-6.13775486256752	8.36958789638667e-10	2.89720536346529e-08
ENSG00000165714	BORCS5	213.9951201499	-8.6685741602791	1.03840193888007	-6.42195850238036	1.34532101524927e-10	5.11623113620369e-09
ENSG00000165995	CACNB2	209.996298846979	-3.18790092827542	0.295102428579531	-4.02538513150621	5.68821421740329e-05	0.0011031143852487
ENSG00000166165	CKB	12309.1612663868	-6.40527860445986	0.149241990506318	-29.5176886177577	1.70720341225399e-191	1.41535698892917e-187
ENSG00000166342	NETO1	112.91383945432	-6.3877717261602	0.341298492439216	-12.8561122400552	7.94744427715503e-38	1.55031263011185e-35
ENSG00000166387	PPFIBP2	94.6432402068884	-3.67666870733057	0.456571599255031	-3.67230180341117	0.000240375563284927	0.00422658241233019
ENSG00000166448	TMEM130	95.4264954502183	-4.95889175955222	0.53028748272739	-5.57978805068896	2.4081183969026e-08	7.1174707912731e-07
ENSG00000166669	ATF7IP2	8.24865373772203	-4.59920284443045	0.753181165779468	-3.45096633124187	0.000558583247845445	0.00924338206838854
ENSG00000167244	IGF2	5.81370961077642	-7.50934211347655	1.48652262734605	-3.706194586027	0.000210396676222546	0.00372712317141671
ENSG00000167434	CA4	58.6835013226279	-4.81936567189354	0.757063108392376	-3.7240827622422	0.000196026616281805	0.00349872693710291
ENSG00000167614	TTYH1	1180.39394651748	-5.23659167893805	0.405726153671144	-7.97728135012324	1.49591576169482e-15	8.37965515022359e-14
ENSG00000167617	CDC42EP5	76.5480499213774	-6.76736106736472	0.509643458229177	-9.3543064085028	8.41500046468879e-21	6.8733557982761e-19
ENSG00000167642	SPINT2	18.6860294740583	-6.63186769095941	1.04804784866933	-4.41951929660497	9.89206889244044e-06	0.000213568221752025
ENSG00000167771	RCOR2	308.610702066431	-3.46837976288201	0.247256536020057	-5.93868937306029	2.87309645977399e-09	9.41478505919218e-08
ENSG00000168081	PNOC	97.4951846028151	-9.15506125470747	0.783626003036281	-9.13070932687796	6.80519317402599e-20	5.15237022915639e-18
ENSG00000168280	KIF5C	1809.08585405765	-3.78129919830499	0.189652310416032	-9.39244660082146	5.86224278352411e-21	4.81197265314917e-19
ENSG00000168356	SCN11A	39.9392620215887	-7.77139275298854	0.781663051442383	-7.38347903529371	1.54205958278986e-13	7.58720769799368e-12
ENSG00000168497	CAVIN2	1254.82785313524	-3.87934022012957	0.474839861338381	-3.9578400491325	7.56305736451631e-05	0.00144141441564419
ENSG00000168542	COL3A1	28674.1761080366	-6.45989768088929	0.419611547652841	-10.6286342829133	2.19300284916262e-26	2.47361770353507e-24
ENSG00000168843	FSTL5	135.062761227496	-12.3865252837515	1.21919013295992	-8.51920057664456	1.60658396182391e-17	1.01288093806092e-15
ENSG00000168874	ATOH8	88.0003512523347	-3.81354177226086	0.346494822588348	-5.23396499466727	1.65911887048413e-07	4.42433338478248e-06
ENSG00000168918	INPP5D	37.3001898480717	-5.75382807854367	0.822023665578814	-4.56656935284275	4.95771061714179e-06	0.000111236535511269
ENSG00000169126	ARMC4	25.5718119048103	-9.49136532758897	1.34083138580567	-5.58710469257668	2.30886546411802e-08	6.83630326081086e-07
ENSG00000169515	CCDC8	293.478065967106	-4.68158269220943	0.190986642223788	-14.0406819083572	8.78631057733772e-45	2.31247326480693e-42
ENSG00000169594	BNC1	14.806386123584	-5.37719814783706	0.759450826462666	-4.44689508544906	8.71203599516438e-06	0.000189821641045756
ENSG00000169744	LDB2	66.9980448121633	-7.79253293901535	1.36163651060572	-4.25409637146006	2.09894895512608e-05	0.000430193728367683
ENSG00000169851	PCDH7	656.811851841869	-12.6392227715868	1.10387105038391	-9.63810289968797	5.5198626951802e-22	4.76691892441578e-20
ENSG00000169855	ROBO1	5271.54103195898	-2.98063826492503	0.246132450413614	-3.98418925776392	6.77108946907847e-05	0.00130053761589655
ENSG00000169946	ZFPM2	136.862516261109	-6.4885754522968	0.409774249944265	-10.9537762631676	6.37339521154788e-28	7.8279456298278e-26
ENSG00000170017	ALCAM	7154.46976320026	-3.44453854256797	0.160040000373362	-9.02610934265165	1.77883801780946e-19	1.29363654268854e-17
ENSG00000170381	SEMA3E	124.682710001974	-4.11810535011596	0.560262346029526	-3.78055988435876	0.000156476075305802	0.00283245611860863
ENSG00000170396	ZNF804A	100.936251686372	-10.4558243176501	1.20059014589129	-7.04305657229325	1.88067824470762e-12	8.52008906434344e-11
ENSG00000170561	IRX2	479.830263660953	-9.96350785649856	0.741426219591177	-10.7407961117016	6.54773048273582e-27	7.48744269891329e-25
ENSG00000170775	GPR37	32.106694484019	-5.73325001489575	0.6201649118284	-6.01976981233782	1.74665281310911e-09	5.91045924370657e-08
ENSG00000170801	HTRA3	245.967374623961	-5.64863449272799	0.464255460704166	-7.85910948078859	3.86873989163382e-15	2.10319921780919e-13
ENSG00000170891	CYTL1	249.504823554307	-3.66084591855897	0.17152330051894	-9.68291721028062	3.56398547535976e-22	3.14332144505001e-20
ENSG00000171044	XKR6	62.4284554633833	-6.52892464346374	0.620811016475117	-7.29517441423378	2.98272430724774e-13	1.42526085701656e-11
ENSG00000171189	GRIK1	201.593779787607	-6.15589723537782	0.291655498834764	-14.2493361242345	4.52562994614621e-46	1.25065783561751e-43
ENSG00000171246	NPTX1	255.527150568532	-4.6340428085761	0.59331666647534	-4.43952269910756	9.01586056573763e-06	0.000195670136178659
ENSG00000171798	KNDC1	15.2404444902561	-6.05171526191719	0.900260438405166	-4.50060347991622	6.77608068833542e-06	0.000149606117035006
ENSG00000171951	SCG2	12502.5519364229	-3.08556683649121	0.232228334724632	-4.67456668359803	2.94574912541148e-06	6.80271117666403e-05
ENSG00000172247	C1QTNF4	47.1911298155789	-7.26456587014256	0.828824026275866	-6.35184997447251	2.12740755939361e-10	7.90909074939586e-09
ENSG00000172260	NEGR1	141.360594356266	-8.65494918977431	0.764281932566961	-8.70745323969993	3.10778360765615e-18	2.06439163339474e-16
ENSG00000172403	SYNPO2	264.665068459609	-3.91546531399894	0.385621209244274	-4.96721982111099	6.79195841218461e-07	1.68589015617415e-05
ENSG00000172667	ZMAT3	1908.44708864792	-3.2445188295357	0.164123539523839	-7.58281738954899	3.38130608645992e-14	1.7148893921955e-12
ENSG00000172824	CES4A	9.6950458172328	-6.38496511555705	1.26500819422125	-3.46635313161466	0.000527569874260032	0.00880144690609258
ENSG00000173376	NDNF	698.319193937533	-6.95399446097384	0.376514961751171	-13.1574969502748	1.54107057264832e-39	3.27596040577973e-37
ENSG00000173406	DAB1	162.528526304469	-7.24989471674429	0.590632394282285	-8.88859935141853	6.18840369433977e-19	4.29330216133254e-17
ENSG00000173482	PTPRM	226.146056675661	-6.54416945904601	0.359058918361104	-12.6557766056543	1.03942601023003e-36	1.95849121313911e-34
ENSG00000173801	JUP	847.571705554443	-4.53214702588943	0.223788607651957	-11.3149058500221	1.10721105953216e-29	1.46869332624821e-27
ENSG00000173805	HAP1	286.204715575047	-3.83703266129115	0.38178985876014	-4.81163294189349	1.49702104964827e-06	3.57667233778358e-05
ENSG00000174136	RGMB	4631.67448897332	-4.09432830963098	0.238896817457969	-8.76666475475109	1.8403672836901e-18	1.24551550738227e-16
ENSG00000174599	TRAM1L1	34.2858937806614	-5.06956094000926	0.441777180520615	-6.94821071652438	3.69948161321991e-12	1.63141235714892e-10
ENSG00000174672	BRSK2	300.182013491943	-2.96403980432096	0.265576595507429	-3.62998781002897	0.000283434604951626	0.00492886178330862
ENSG00000174721	FGFBP3	1351.76304049024	-4.33358829002102	0.327537261358191	-7.12464981951789	1.04345634689979e-12	4.79267304375219e-11
ENSG00000174807	CD248	429.737804930835	-4.45907140369442	0.21689720044272	-11.3374972045517	8.55563810379598e-30	1.14404060805678e-27
ENSG00000175183	CSRP2	2882.40456188686	-3.36429765182952	0.168871530714141	-8.07890854106693	6.53490134125364e-16	3.76233330344884e-14
ENSG00000175701	MTLN	95.1383426613535	-6.87585287521729	0.856872602442281	-5.69028915304329	1.2682442564351e-08	3.90143933505575e-07
ENSG00000176490	DIRAS1	374.508987333683	-3.46322261839869	0.391725488588782	-3.73532655143286	0.000187471757293869	0.00336414416416628
ENSG00000176533	GNG7	316.919112985529	-5.24495201087156	0.533996942613351	-6.07672395087311	1.22662654062608e-09	4.21090986959028e-08
ENSG00000176720	BOK	247.464102003273	-3.92270987495137	0.284911264750926	-6.74845158064293	1.49431249393184e-11	6.27270771186931e-10
ENSG00000176788	BASP1	144.55378734996	-4.8534601984693	0.427204959847649	-6.67937048176338	2.39970812493769e-11	9.97232090716585e-10
ENSG00000177459	ERICH5	62.3761360566112	-4.7101166858731	0.466960091046241	-5.80374369852675	6.48503828943428e-09	2.06388521837063e-07
ENSG00000178031	ADAMTSL1	2513.14892908863	-3.92634736903157	0.226049352013333	-8.52180000462004	1.57092486814885e-17	9.97988706466518e-16
ENSG00000178184	PARD6G	181.191991538995	-2.95319475169123	0.184945991817628	-5.15390867530211	2.55112218706945e-07	6.67194905107232e-06
ENSG00000178222	RNF212	5.17314123140376	-6.9687050708796	1.3688705012232	-3.62978460448936	0.000283657822084038	0.00492886178330862
ENSG00000178235	SLITRK1	66.4464560303032	-10.4840761596882	1.86468383207925	-4.54987382511267	5.36780926927165e-06	0.000119951004708616
ENSG00000178401	DNAJC22	323.045482933058	-3.07672893833768	0.197045009467262	-5.46438065723545	4.64525770513948e-08	1.33488766046651e-06
ENSG00000178445	GLDC	982.089053424634	-3.43778694722265	0.228636960920268	-6.28851495154382	3.20517203726059e-10	1.16545959539074e-08
ENSG00000178568	ERBB4	338.648494351271	-12.7889556950645	1.19752355948872	-9.00938909266281	2.07207494962906e-19	1.47455256393989e-17
ENSG00000178695	KCTD12	1211.97824952804	-3.09938866986892	0.213849231454248	-5.1409521670604	2.73349643519585e-07	7.11524401757964e-06
ENSG00000178878	APOLD1	244.916153478209	-4.57644816929571	0.386291893150193	-6.66969256922502	2.56339827427998e-11	1.05730613895115e-09
ENSG00000179314	WSCD1	420.059537847808	-4.59222012135342	0.356949479712821	-7.2621484794962	3.80989641807031e-13	1.80491121451496e-11
ENSG00000179776	CDH5	347.162857443234	-5.56122297108249	0.401299214011176	-8.87423360610746	7.04166192996696e-19	4.86490818586592e-17
ENSG00000179855	GIPC3	40.183087649567	-7.20215111725073	0.824922884714402	-6.3062271803161	2.85919273469006e-10	1.0535172163088e-08
ENSG00000179869	ABCA13	1064.80814109704	-5.59857287227746	0.453199506851732	-7.94037243613939	2.01575067751791e-15	1.11783150447908e-13
ENSG00000179909	ZNF154	171.611489879039	-3.20952270042726	0.351296912825036	-3.44302114897793	0.000575254325917581	0.00947198806160816
ENSG00000179915	NRXN1	21.4891543435114	-5.49633794832535	0.815549914853231	-4.28709253063261	1.81026900924079e-05	0.000374732464946585
ENSG00000179954	SSC5D	669.804381586067	-4.70400372703532	0.2382366241538	-11.3500757351635	7.40984913991246e-30	9.98883809665761e-28
ENSG00000180176	TH	11.6001052332161	-8.59298921349476	1.49400640256888	-4.41295914271746	1.01967245120081e-05	0.000219573881991696
ENSG00000180190	TDRP	294.439556915433	-3.40891612436867	0.244404292485814	-5.76469467879925	8.18058003966275e-09	2.56898101586455e-07
ENSG00000180251	SLC9A4	27.4292702764054	-4.16073605974007	0.555996278128046	-3.8862419493435	0.000101808039977481	0.0018903461487868
ENSG00000180592	SKIDA1	124.83381990454	-4.62335761803878	0.403989545479628	-6.49362748960311	8.37937914787487e-11	3.26146679931721e-09
ENSG00000180616	SSTR2	95.396466580992	-5.83580259701274	0.419923987274482	-9.13451651549851	6.56996831293763e-20	4.9970937888449e-18
ENSG00000180730	SHISA2	14.8846616841786	-7.78889458151515	1.38022440979036	-4.19416910790212	2.73873614299239e-05	0.000554468668949412
ENSG00000180815	MAP3K15	49.7930508430374	-5.23372537089809	0.471367443075252	-6.86030700338766	6.87127176089383e-12	2.9669936736297e-10
ENSG00000180914	OXTR	299.946905484257	-4.05776731407662	0.376836347441519	-5.46063915555801	4.74423455893254e-08	1.35627850382173e-06
ENSG00000180921	FAM83H	30.4222963077342	-7.34138307555675	0.933780000486134	-5.72017292378931	1.06415693001859e-08	3.29809085170808e-07
ENSG00000181444	ZNF467	58.715402065381	-5.11455636314614	0.586685153157618	-5.30873560781823	1.10388323889822e-07	3.02536991473908e-06
ENSG00000182022	CHST15	1701.56587496318	-2.63731897189539	0.173237919229977	-3.67886531267635	0.000234273941854631	0.00412366903385525
ENSG00000182168	UNC5C	463.750250866796	-5.17343266915615	0.445308978882611	-7.12636128990498	1.03056992734276e-12	4.74663332368621e-11
ENSG00000182175	RGMA	2754.60215678415	-3.32733078985276	0.208637303646256	-6.36190540548418	1.992661561468e-10	7.44793417406519e-09
ENSG00000182253	SYNM	2627.86229220746	-3.73014884259213	0.177882385978712	-9.72636404145819	2.32764497598518e-22	2.10899898070001e-20
ENSG00000182256	GABRG3	91.2142642043341	-9.37987649576719	0.913747481298427	-8.07649448760225	6.665517394566e-16	3.82425411485463e-14
ENSG00000182263	FIGN	558.511304290934	-3.04543913075905	0.201968290482251	-5.17625379837003	2.26385451348851e-07	5.95320318058574e-06
ENSG00000182272	B4GALNT4	661.420370920688	-4.49101894595257	0.296316993890605	-8.4066017046333	4.2206134097496e-17	2.58236128955934e-15
ENSG00000182492	BGN	440.225705157193	-5.15076889935018	0.418989506592075	-7.5199231717699	5.48084397667609e-14	2.72906528460259e-12
ENSG00000183023	SLC8A1	505.433550973019	-4.37916495014713	0.214322215027942	-11.1008788792004	1.2421633285171e-28	1.56032652652591e-26
ENSG00000183044	ABAT	718.69523547515	-6.32197247621752	0.389263872643631	-11.102937569997	1.21387356654785e-28	1.53643035167404e-26
ENSG00000183098	GPC6	2363.3374641526	-3.16096351160191	0.177292708531303	-6.54828684845168	5.82008495369628e-11	2.29768639564853e-09
ENSG00000183248	PRR36	330.563283020284	-6.62189867026719	0.398075873835717	-11.6105973108398	3.64063474405536e-31	5.48776042647109e-29
ENSG00000183439	TRIM61	8.83054036118769	-5.41760485674093	0.986529156146466	-3.46427151741831	0.000531669578396684	0.00885991284361349
ENSG00000183798	EMILIN3	104.449025592757	-6.5189675979179	0.563140531489149	-8.02458240036123	1.01871890868653e-15	5.74536674317395e-14
ENSG00000183873	SCN5A	44.6710814513858	-3.63170943377988	0.404058837745146	-4.03829660770608	5.38407479523606e-05	0.00104780920398837
ENSG00000184226	PCDH9	2701.85391762575	-4.43698381537879	0.246772956329592	-9.87540876287893	5.32155471524373e-23	4.98512422222917e-21
ENSG00000184258	NA	11.5252994008238	-7.41916208453444	1.31637262569169	-4.11673866408984	3.84271378840031e-05	0.000764898407268493
ENSG00000184347	SLIT3	331.203853278448	-8.72214747925882	1.0882430720442	-6.17706434522177	6.53044631948399e-10	2.28441625365747e-08
ENSG00000184349	EFNA5	365.388962308186	-3.35527047977668	0.150242154003929	-9.02057407764025	1.87106195457975e-19	1.35476324318283e-17
ENSG00000184408	KCND2	69.1693408645313	-5.39527795683175	0.500180640933861	-6.78810349495454	1.13617138480588e-11	4.80583105394547e-10
ENSG00000184489	PTP4A3	296.045348657826	-3.89500593752698	0.507519879858797	-3.73385558424669	0.000188570646663544	0.00337655495931773
ENSG00000184613	NELL2	130.007405839771	-4.66191885785838	0.650989632750077	-4.08903417803018	4.33173030924968e-05	0.00085607175515696
ENSG00000184905	TCEAL2	46.0089034839238	-4.56577201850901	0.586173032977437	-4.3771580645331	1.20236779810162e-05	0.000256582502706859
ENSG00000185070	FLRT2	799.535245147938	-7.34705628082923	0.465525511903709	-11.4860649826969	1.55013375928472e-30	2.15989645905041e-28
ENSG00000185088	RPS27L	1297.46824938443	-2.63567955326653	0.175944637497277	-3.61295213260685	0.000302730605681454	0.00521243631651525
ENSG00000185274	GALNT17	612.46197226805	-10.2060232745248	0.49662835784994	-16.5234689981283	2.48674344091315e-61	1.58587280745311e-58
ENSG00000185418	TARS3	249.520583568354	-3.2739253898975	0.220552147934424	-5.77607337687899	7.64640380194301e-09	2.41036162433493e-07
ENSG00000185532	PRKG1	168.825659311816	-7.42131115067994	0.354999451214949	-15.271322623531	1.1874005636655e-52	4.37517527691946e-50
ENSG00000185551	NR2F2	1237.44780944249	-9.73101580911183	0.337150315208494	-22.9304718411162	2.30815949384952e-116	6.37859876125314e-113
ENSG00000185760	KCNQ5	364.695089201398	-7.75663836166616	0.39629442598453	-14.526165356388	8.2723394628647e-48	2.54006778951407e-45
ENSG00000185761	ADAMTSL5	60.5262423158529	-3.95658343816112	0.424651962771619	-4.60749886893467	4.07541420368583e-06	9.29497151462377e-05
ENSG00000186297	GABRA5	7.58789531745354	-5.37599806875319	0.930086568487149	-3.62976757555427	0.00028367653549921	0.00492886178330862
ENSG00000186493	C5orf38	87.362638411415	-6.81205592280022	0.591554849713502	-8.1345895906876	4.13336208475624e-16	2.40474655183661e-14
ENSG00000186496	ZNF396	49.2622576282858	-4.75247901820973	0.708568050248797	-3.884565522314	0.000102513044714019	0.00190130737628988
ENSG00000186684	CYP27C1	21.3153167283459	-4.78935006791011	0.520861002496525	-5.35526763290121	8.54298710752039e-08	2.38069360050077e-06
ENSG00000186867	QRFPR	180.748678617284	-6.00330741299145	0.926218215040654	-4.32220760505745	1.5447572971062e-05	0.000322996478478157
ENSG00000187550	SBK2	13.0508593342962	-8.81338409878331	1.30470139238747	-5.2221789127668	1.76829995885548e-07	4.69122905884523e-06
ENSG00000187630	DHRS4L2	42.5295415238313	-7.36646769545258	1.21037311218966	-4.43373009645284	9.26165612464784e-06	0.000200218409651611
ENSG00000187957	DNER	659.705987239566	-8.47524795182095	0.509195888080369	-12.7166147712468	4.78129324293871e-37	9.11248543231802e-35
ENSG00000188039	NWD1	14.4931913458649	-6.52365783227614	1.21922901557732	-3.71026097187667	0.000207045703433465	0.00367561542679903
ENSG00000188322	SBK1	153.551229614437	-4.27710540565139	0.299483782127607	-7.60343478192463	2.88372610210825e-14	1.47577353392151e-12
ENSG00000189184	PCDH18	1640.59470149853	-3.43872246500802	0.414242650721494	-3.47313938461472	0.000514408129344203	0.00862426814222066
ENSG00000189292	ALKAL2	31.9468543331182	-6.02548972533574	0.612716178319384	-6.56990931164448	5.03459156169422e-11	2.01639040300608e-09
ENSG00000189409	MMP23B	8.4746575922848	-5.10949946781013	0.872422786992582	-3.56421165766337	0.000364951385273314	0.00618738130799265
ENSG00000196104	SPOCK3	24.3440307508293	-7.55818251537325	1.01301898308121	-5.48675060211353	4.09394486265558e-08	1.18467189821452e-06
ENSG00000196154	S100A4	924.029787280096	-5.08916980343171	0.426667526855414	-7.24022713000736	4.47933948248031e-13	2.10402062206816e-11
ENSG00000196159	FAT4	1091.74893199658	-4.746807364688	0.235425239183409	-11.6674294320164	1.86988117506928e-31	2.87078701516886e-29
ENSG00000196376	SLC35F1	892.268483131293	-4.54655866508054	0.133694515976997	-19.047592539388	6.87940503223856e-81	8.14767248853911e-78
ENSG00000196569	LAMA2	1287.33808493746	-7.24493431806941	0.224545008976951	-23.3580534342127	1.14147734226745e-120	3.78536716242731e-117
ENSG00000196666	FAM180B	14.8571954761604	-5.18201072190787	0.773197650574771	-4.11539108990109	3.86523474683487e-05	0.000768458721070371
ENSG00000196767	POU3F4	51.7115415043549	-9.02627550402003	1.1965838919563	-5.87194558714373	4.30710125635153e-09	1.40031462610911e-07
ENSG00000196839	ADA	842.147051804705	-3.74047515566895	0.325451696583942	-5.34787550330079	8.89926430142424e-08	2.46753681240661e-06
ENSG00000197558	SSPOP	82.3171577490661	-4.97366413846341	0.682216036125813	-4.35883060643126	1.30759272800248e-05	0.000277608130896404
ENSG00000197614	MFAP5	4289.83563681964	-14.2512287807201	0.994611603978259	-12.317600892366	7.28287793909746e-35	1.24492164029046e-32
ENSG00000197769	MAP1LC3C	442.637715503657	-5.73177451757765	0.801635900358012	-4.65519884515031	3.23668181824927e-06	7.45380850394321e-05
ENSG00000198075	SULT1C4	32.9858740165628	-3.52823077304187	0.440378255521713	-3.47026846552945	0.000519938395079062	0.00869939306640356
ENSG00000198300	PEG3	212.577365470243	-4.72768719736437	0.19098678524012	-14.2820729399417	2.83054781412598e-46	8.09195057000393e-44
ENSG00000198597	ZNF536	159.933251266564	-6.77781850064315	1.2484666997105	-3.82694909023288	0.000129741334940291	0.00237182036895807
ENSG00000198743	SLC5A3	9076.28367827376	-2.86371653838391	0.204152287642369	-4.23074631373688	2.32917238294625e-05	0.000476202309267962
ENSG00000198865	CCDC152	32.4259799622135	-4.46424673975101	0.423040663920551	-5.82508243277011	5.7084416311277e-09	1.83433470321179e-07
ENSG00000198879	SFMBT2	872.871116590936	-8.7105030205949	0.386641406247311	-17.3558830279616	1.78041745401936e-67	1.47605509025475e-64
ENSG00000198910	L1CAM	1620.82685839828	-7.47228974808001	0.40334970810581	-13.5671097266407	6.27478981476722e-42	1.44503180442577e-39
ENSG00000198959	TGM2	506.96442442215	-3.86800348336576	0.507650272134307	-3.67970547028792	0.000233503485270028	0.00411447533396635
ENSG00000203727	SAMD5	13.6196787375282	-4.1565854161047	0.567539741725919	-3.79988440905726	0.000144763595515993	0.00263482456339262
ENSG00000204131	NHSL2	310.872579844658	-4.28793066957748	0.219872436358208	-10.4057184587252	2.33488082187412e-25	2.4977199295158e-23
ENSG00000204186	ZDBF2	436.743713298596	-5.41770686035699	0.304427369162079	-11.2266740988632	3.01619336081927e-29	3.93791355242081e-27
ENSG00000204542	C6orf15	1260.43910385461	-7.69444521997632	1.07854634188992	-5.27974088716302	1.29366700102529e-07	3.51068617741412e-06
ENSG00000204851	PNMA8B	43.3343745152085	-4.86196098622674	0.547517366387705	-5.22716019970067	1.72133349657251e-07	4.57394722863282e-06
ENSG00000205221	VIT	66.8504815522031	-6.75061085577054	1.32731439722224	-3.57911499017298	0.000344759756061589	0.00587508891598891
ENSG00000205978	NYNRIN	519.745175758206	-6.83422325810462	0.413065374587811	-11.703288524071	1.22608134555682e-31	1.89996773744651e-29
ENSG00000206052	DOK6	110.529147526457	-3.60916980257216	0.410251853742546	-3.92239495785921	8.76731198515279e-05	0.00164632842611346
ENSG00000206538	VGLL3	99.649965448304	-6.63400037628124	0.604983394921406	-7.65971498586874	1.8634616527243e-14	9.6704838253574e-13
ENSG00000212124	TAS2R19	9.56868935348931	-6.7484037007629	1.27488258698465	-3.72458118829108	0.00019563974386757	0.00349558469080622
ENSG00000212127	TAS2R14	25.4803957412518	-6.10696218146225	0.900835469553069	-4.55905914039978	5.13833011768159e-06	0.000114977937491604
ENSG00000213626	LBH	1404.40027407512	-3.93565871611058	0.320005544884748	-6.04882867516475	1.45902712820478e-09	4.98806779644607e-08
ENSG00000217236	SP9	288.198488908261	-6.165572160069	0.303872297981138	-13.7082984784864	9.05566201798013e-43	2.20811664588424e-40
ENSG00000225968	ELFN1	333.248291395861	-6.81275455448029	0.303205480090714	-15.8729141473314	9.7601973685201e-57	4.75981860492447e-54
ENSG00000231274	SBK3	7.09964084960332	-5.47780824563568	1.01275847710105	-3.43399569025644	0.000594753652223173	0.00976397060149745
ENSG00000231887	PRH1	14.2010648525689	-6.77540543299505	1.28814354598063	-3.70719975106474	0.000209563646321893	0.00371633670552226
ENSG00000239713	APOBEC3G	183.543373078817	-7.6567603834882	1.05893668422142	-5.34192503459009	9.19646884830794e-08	2.54568697785966e-06
ENSG00000242265	PEG10	40963.230370965	-3.1146298482393	0.197671270565218	-5.63880550295523	1.71233810476831e-08	5.19054444518524e-07
ENSG00000242732	RTL5	371.021973206344	-2.93340820992721	0.195852567019534	-4.76587171734192	1.88038875717579e-06	4.42879630436532e-05
ENSG00000244694	PTCHD4	102.860210370254	-6.5532113276192	0.495349542043441	-9.19191589203064	3.85905762193244e-20	2.97614113624474e-18
ENSG00000248329	APELA	13.1260998297322	-7.98950845467486	1.34007159800446	-4.46954361512773	7.83866743502803e-06	0.000171694775086129
ENSG00000250722	SELENOP	12.4936544714169	-6.046147818739	1.1773784927148	-3.43657357746478	0.000589122315676436	0.0096811071518642
ENSG00000253368	TRNP1	256.009846068273	-4.36726462086794	0.356925540489866	-6.63237665093669	3.30324357219558e-11	1.34904142045751e-09
ENSG00000254122	PCDHGB7	258.514247186056	-6.6380009986744	0.33458483244706	-13.8619583104033	1.07695448882721e-43	2.74722805834521e-41
ENSG00000254585	MAGEL2	65.3660687046632	-9.5780691035747	1.05718031681235	-7.16818974309359	7.59959280009019e-13	3.53957438815437e-11
ENSG00000255837	TAS2R20	15.6399866833974	-7.57819249269864	1.26755165962142	-4.40076146037685	1.07871659745277e-05	0.000231087854035715
ENSG00000256436	TAS2R31	8.44020290974706	-6.96328261413658	1.29643244351198	-3.82841592631797	0.000128970671699929	0.00236033411419043
ENSG00000256537	SMIM10L1	355.933872208763	-5.08642492406851	0.266836862085094	-11.5667112105533	6.07675889123012e-31	8.99631599781131e-29
ENSG00000272636	DOC2B	41.3521475777534	-9.64716149943884	1.31102386451159	-5.83296895383955	5.44497024054255e-09	1.7564796023042e-07
ENSG00000275591	XKR5	30.7898662828694	-6.98212035375199	1.26246803460135	-3.9463338612967	7.93569410778148e-05	0.00150379136001285
ENSG00000276547	PCDHGB5	123.353938902659	-5.6263987129764	0.392102613325077	-9.24859613207907	2.27460428171349e-20	1.82199099493195e-18
