EnsembleGeneName	external_gene_name	baseMean	log2FoldChange	lfcSE	stat	pvalue	padj
ENSG00000000971	CFH	666.682056450277	-13.5814627433495	1.18585735844827	-9.76632025836914	1.57052904397525e-22	1.32861949378335e-20
ENSG00000001561	ENPP4	149.118452445002	-6.38725183980438	0.443166072293723	-9.8997917803071	4.17142621783553e-23	3.62127843549377e-21
ENSG00000002587	HS3ST1	117.772189202161	-3.78190682795541	0.486931962411153	-3.6594575125689	0.000252749742921163	0.00374182454229982
ENSG00000003436	TFPI	1786.28575760942	-3.55895331671293	0.14395667116268	-10.8293231853855	2.49996268701893e-27	2.819855871664e-25
ENSG00000004848	ARX	21.7329027589715	-5.50068997951327	0.931252121102896	-3.7591216172129	0.000170510942924339	0.00257490158891482
ENSG00000005108	THSD7A	793.492043006829	-8.95847355160551	0.945947591064884	-7.35608781853562	1.89378451816862e-13	8.19865302761197e-12
ENSG00000005249	PRKAR2B	519.570085021521	-6.96289256784372	0.416502243124221	-11.9156442726853	9.81048890035622e-33	1.5202590323066e-30
ENSG00000005379	TSPOAP1	44.1151396190479	-6.26904744114187	0.650555459375141	-6.56215758337082	5.30347240266047e-11	1.78733487618929e-09
ENSG00000005513	SOX8	473.958083437208	-6.6641617389654	1.14698808452282	-4.06644306240186	4.77361412919274e-05	0.000789145522194863
ENSG00000006042	TMEM98	240.271866240229	-11.3868238211549	1.21524058745504	-7.72425141001321	1.12512582612611e-14	5.3150174709393e-13
ENSG00000006377	DLX6	165.837491704046	-12.0979858706289	1.23750665470823	-8.159944701881	3.35178007281109e-16	1.74766872287046e-14
ENSG00000006740	ARHGAP44	104.384346173015	-4.16755325817169	0.401329683441499	-5.40092932968325	6.62965414976005e-08	1.5771347985247e-06
ENSG00000007944	MYLIP	129.636132193006	-5.1225207398724	0.440621763079499	-7.08662395168396	1.37423133952815e-12	5.54407052085554e-11
ENSG00000008277	ADAM22	584.859497149542	-7.5433820631381	0.447770032388387	-12.3799755726615	3.3544488320783e-35	5.73403258605054e-33
ENSG00000011201	ANOS1	20.0524061367001	-7.72246447551943	1.2894197829072	-4.43801510677713	9.07922483870549e-06	0.00016597864062908
ENSG00000018625	ATP1A2	358.77162278185	-6.29578402980401	0.488224155624567	-8.79879452975564	1.38293627135987e-18	8.8194101213146e-17
ENSG00000019485	PRDM11	192.608752640169	-11.1480746729579	1.18834393578107	-7.69817087251353	1.38027719607375e-14	6.44686653185883e-13
ENSG00000020181	ADGRA2	938.506978800193	-6.06216164652824	0.286110310224598	-14.1978862744912	9.44175385912578e-46	2.79560215603865e-43
ENSG00000021826	CPS1	557.422358352963	-7.28037528998462	0.381883235755876	-13.8271984616789	1.74692617297521e-43	4.82763047901699e-41
ENSG00000030419	IKZF2	185.53217258526	-5.84600107449224	0.435952837051931	-8.82205768059746	1.12375337400285e-18	7.22207546292295e-17
ENSG00000040731	CDH10	147.207982045619	-11.8920244774685	1.29669887833515	-7.62862114153211	2.37277814323957e-14	1.09286206647376e-12
ENSG00000046604	DSG2	724.882443938649	-12.0288176918088	1.22135236709823	-8.2112402300705	2.18915395374831e-16	1.15232894308256e-14
ENSG00000047365	ARAP2	267.652544443903	-6.18444572842839	0.468577072490401	-8.93011197963405	4.25577792958902e-19	2.85688477127593e-17
ENSG00000048342	CC2D2A	361.171274836507	-3.47897821249416	0.24261088936076	-6.09609163212346	1.08693124039596e-09	3.10731153396646e-08
ENSG00000048740	CELF2	1187.09090273563	-9.22212143931693	0.417128415847957	-17.3139042197245	3.69489382264326e-67	2.55270976971866e-64
ENSG00000049540	ELN	868.476369912173	-5.070465706726	0.352529631876131	-8.70980884751521	3.0438765957721e-18	1.8902815668351e-16
ENSG00000050030	NEXMIF	41.9855657011634	-4.69734457275298	0.508190353166383	-5.30774454089226	1.10990046187837e-07	2.58836280708935e-06
ENSG00000050438	SLC4A8	1082.89394483096	-3.80950166549322	0.194065425228328	-9.32418365282868	1.11841213171967e-20	8.50660163121277e-19
ENSG00000053438	NNAT	116.579883499054	-4.54972450381966	0.43036567719206	-5.92455355746641	3.13146943067078e-09	8.56813442738487e-08
ENSG00000054793	ATP9A	2946.95408372227	-4.21526520952164	0.192617819616954	-11.5008321344671	1.30649717897266e-30	1.82042266592821e-28
ENSG00000055163	CYFIP2	1159.16560167344	-8.06317500700782	0.332182538643606	-18.2525397986464	1.97509665117912e-74	1.55947988443814e-71
ENSG00000061918	GUCY1B1	186.131175167467	-6.22621175210324	0.386797535671384	-10.9261599735055	8.64289402324547e-28	1.00921004084108e-25
ENSG00000063127	SLC6A16	96.5192480362291	-4.02864460920015	0.354365216726727	-5.72472836905027	1.03599363826722e-08	2.71800799305519e-07
ENSG00000064763	FAR2	285.590184553019	-3.28172376458582	0.227335379624915	-5.63803032638633	1.72006222111354e-08	4.3877464135821e-07
ENSG00000065717	TLE2	432.321210416099	-5.30667510293474	0.325206779242308	-10.1679156585816	2.75746069434279e-24	2.583133094514e-22
ENSG00000065809	FAM107B	206.139836112722	-4.99677992492932	0.428860660540284	-6.98777062263985	2.79288503590533e-12	1.08961945365521e-10
ENSG00000066248	NGEF	1038.44469821662	-3.18558339122951	0.20507129060325	-5.7813231083782	7.41153855685454e-09	1.96940257710265e-07
ENSG00000066735	KIF26A	108.330078794222	-6.87392030914463	1.2255621514486	-3.97688546711703	6.98237738648523e-05	0.00112875276347607
ENSG00000067177	PHKA1	814.660249635743	-3.56792096330763	0.22743752120085	-6.89385355164416	5.43009268707366e-12	2.04628106464474e-10
ENSG00000067715	SYT1	1224.02856384432	-4.79301284707445	0.115183400053601	-24.2483973018224	6.87465049666006e-130	5.69942899425602e-126
ENSG00000069702	TGFBR3	199.659021223478	-5.95791334762096	0.333004013413232	-11.8854824212269	1.40819668723983e-32	2.1421384652407e-30
ENSG00000071242	RPS6KA2	3468.09099376615	-4.74300433133885	0.236720015955584	-11.5875470870765	4.76586000173975e-31	6.8123038524868e-29
ENSG00000072041	SLC6A15	214.263960133478	-6.03577283177602	0.481603790063902	-8.37986102900173	5.29902323845734e-17	2.98854096315854e-15
ENSG00000072832	CRMP1	2824.7366624629	-2.82438353896043	0.226316657912779	-3.64261096184155	0.000269886576486438	0.00399196193106301
ENSG00000074047	GLI2	394.669592813956	-10.494236512478	1.02484411076461	-8.28832055847077	1.14858679422002e-16	6.30619789237155e-15
ENSG00000074416	MGLL	122.378185056623	-4.01292229302362	0.457406332537438	-4.40073114391975	1.0788673350877e-05	0.000196363329122823
ENSG00000074527	NTN4	284.450026139159	-4.99319038663947	0.366872420360454	-8.15866830136387	3.3873847607731e-16	1.76069676233162e-14
ENSG00000076344	RGS11	58.8144429351266	-7.35219581229578	0.937321379866023	-5.71009680058808	1.12911933193838e-08	2.94369931491671e-07
ENSG00000076770	MBNL3	282.248580798115	-3.77451986847601	0.45833587758125	-3.87165822112941	0.000108097454071171	0.00168297078493341
ENSG00000078098	FAP	492.514369558888	-4.20187101118787	0.324015332454525	-6.79557659974903	1.07880178084282e-11	3.9487002931909e-10
ENSG00000078295	ADCY2	11.2725123992764	-6.42660326654912	1.25449945894039	-3.52858124808443	0.00041779367273488	0.00598741304029131
ENSG00000079257	LXN	47.6767734025057	-7.39494354996837	0.822985824361204	-6.55532986142973	5.55190156797167e-11	1.86348339875584e-09
ENSG00000079308	TNS1	916.448504495082	-7.47703567612438	0.2831343318273	-19.3443007803983	2.27671235067161e-83	2.51667783243239e-80
ENSG00000079385	CEACAM1	15.4446220041287	-4.55208953336299	0.744184673807675	-3.42937663618499	0.000604969380113186	0.00847928765144272
ENSG00000079931	MOXD1	5722.01697027306	-3.26535321174087	0.194421676591843	-6.50829287105306	7.60096205617117e-11	2.50559745235336e-09
ENSG00000080298	RFX3	1188.5213660375	-2.98266940324365	0.243353730563147	-4.03802892591639	5.39022077724574e-05	0.000884028196909116
ENSG00000080546	SESN1	298.646104742226	-2.86449098695659	0.207465893955135	-4.1669065236503	3.08761031409314e-05	0.000521872238715375
ENSG00000080573	COL5A3	946.369406278449	-3.90565450949331	0.40537981361917	-4.7009112083799	2.59003125551583e-06	5.02058138065525e-05
ENSG00000080854	IGSF9B	259.880454359544	-3.73417009910485	0.267922923915337	-6.47264546744364	9.63017321145768e-11	3.13497471648727e-09
ENSG00000081277	PKP1	14.0756358011322	-5.0892132791776	0.801656348687728	-3.85353809551249	0.000116423139069887	0.00180750193718895
ENSG00000081853	PCDHGA2	75.4810403736481	-5.64928743733686	0.456339516153941	-7.99686923476031	1.27622650626507e-15	6.33566218574287e-14
ENSG00000081913	PHLPP1	1658.432040631	-2.62821419013041	0.12828227050394	-4.89712403485343	9.7249457985936e-07	1.99073242328988e-05
ENSG00000083067	TRPM3	122.727686240678	-4.5260179662712	0.701538517503819	-3.6006832173081	0.000317382083816338	0.00464475933959285
ENSG00000084636	COL16A1	151.677243285805	-3.27518180390576	0.358032401522115	-3.56163799277534	0.000368548317807357	0.00533443293048898
ENSG00000086991	NOX4	50.1731141904829	-10.1217506345497	1.20932103058055	-6.71595914498458	1.86833139883254e-11	6.66210815570803e-10
ENSG00000087448	KLHL42	1566.20569847215	-2.59287565015505	0.170554061979035	-3.47617431842774	0.00050862157115358	0.00723280812289667
ENSG00000088386	SLC15A1	30.089559844896	-4.73617297511109	0.614739756264503	-4.45094521255236	8.54931532221625e-06	0.000157157646737991
ENSG00000088756	ARHGAP28	189.266942895232	-11.2384180762558	1.20991056935612	-7.63562060720922	2.24735212280768e-14	1.03797619911627e-12
ENSG00000090339	ICAM1	595.254314550477	-5.26885225405009	0.497618709280427	-6.56898985726835	5.06577344864028e-11	1.71770121783036e-09
ENSG00000090530	P3H2	358.805769022045	-3.95083253793646	0.186904677989916	-10.4375800483801	1.67013949639016e-25	1.70941870306452e-23
ENSG00000090776	EFNB1	408.968582012441	-3.45991582185284	0.256166940894088	-5.69907973588379	1.20455880529533e-08	3.13053127752379e-07
ENSG00000091972	CD200	63.9141871625676	-10.2298366670695	1.19237707176434	-6.90204203179781	5.12602621430007e-12	1.94051691002989e-10
ENSG00000092051	JPH4	32.5978693437959	-6.66661590818032	1.08503876473688	-4.30087482571369	1.70125144442687e-05	0.000301372331197029
ENSG00000092421	SEMA6A	2205.17121587339	-3.55168425651112	0.421786708782673	-3.67883630328103	0.00023430058713525	0.00347801077465495
ENSG00000093072	ADA2	173.671560034859	-7.02293142735278	0.505630037295069	-9.93400521500578	2.96116762858064e-23	2.58416423418398e-21
ENSG00000095539	SEMA4G	174.138247249242	-3.56983221001737	0.325957317585594	-4.81606678336081	1.46415538534861e-06	2.9179279380367e-05
ENSG00000099250	NRP1	9981.71686198085	-2.90061978466758	0.167496864818241	-5.37693517812936	7.57644349503855e-08	1.78953005115718e-06
ENSG00000099260	PALMD	31.9560597520804	-6.13861711352141	0.932125219819851	-4.43997976400775	8.99673369895503e-06	0.000164652142894452
ENSG00000099284	MACROH2A2	94.4089258109663	-7.05085179120794	0.556210252491907	-9.08083187711725	1.07748144891666e-19	7.50660500188538e-18
ENSG00000099617	EFNA2	21.4889377212785	-4.19466096429855	0.569822912337766	-3.85147897141359	0.000117406613214348	0.00181766484939972
ENSG00000099864	PALM	405.155924528071	-6.6483078212511	0.415960807938628	-11.1748696813208	5.41297664149562e-29	7.01191919473741e-27
ENSG00000099954	CECR2	299.170175243769	-4.24097943769451	0.536746604143554	-4.17511619150394	2.97834000046278e-05	0.000505464232831866
ENSG00000100033	PRODH	11.175505438481	-7.44579438531806	1.29354427647548	-4.20997911270283	2.55394298600984e-05	0.000440196763524212
ENSG00000100234	TIMP3	8122.00152476142	-4.35310713965269	0.364877998672227	-6.44902446356188	1.1257239303493e-10	3.60340318322814e-09
ENSG00000100285	NEFH	363.616054518966	-6.37884304761755	0.686826216852062	-6.37547452350778	1.8239730991302e-10	5.65295288909866e-09
ENSG00000100311	PDGFB	168.529372168965	-8.60471407678105	1.23251390378096	-5.35873393113044	8.38071707741128e-08	1.97387315142836e-06
ENSG00000100321	SYNGR1	867.990607684443	-3.27411359798992	0.272411042295836	-4.67717309567152	2.90856729955457e-06	5.59477429163739e-05
ENSG00000100473	COCH	189.915831672116	-6.24628191297036	0.588202102460708	-7.21908659490724	5.23379209489504e-13	2.18593215933135e-11
ENSG00000100626	GALNT16	576.981383702126	-7.51366600465966	0.418469722255573	-13.1757824077229	1.20966822619709e-39	2.67433451447653e-37
ENSG00000100678	SLC8A3	29.4874953913338	-9.59944886622908	1.27477365440537	-5.96141035702052	2.50070091818525e-09	6.93379965291467e-08
ENSG00000100767	PAPLN	603.521621868145	-5.10091717711509	0.251159183505669	-12.3464216352061	5.09266404868436e-35	8.61647577461586e-33
ENSG00000100842	EFS	615.517317781651	-5.04384098407939	0.20054941790982	-15.1775109387158	4.98336113321866e-52	1.79628502064997e-49
ENSG00000100918	REC8	2116.45239368023	-4.82685294022239	0.247802172862974	-11.4077003747079	3.82713675562743e-30	5.20145529057856e-28
ENSG00000101017	CD40	117.040986818968	-3.95393863234426	0.30536422945459	-6.39871485875797	1.56690140079127e-10	4.90203625028681e-09
ENSG00000101098	RIMS4	73.6001206330023	-6.98910931223998	0.617376135313162	-8.08115025325569	6.41587009759673e-16	3.24333969781254e-14
ENSG00000101134	DOK5	75.4044308841661	-3.85267547024886	0.520293296767746	-3.56082902039746	0.000369685759594762	0.00533951182912957
ENSG00000101144	BMP7	703.866028842645	-10.1582918286351	0.746072321146639	-10.9349879326666	7.84164136108197e-28	9.22143655376596e-26
ENSG00000101638	ST8SIA5	2823.11636426769	-9.59040267193646	0.450786363307895	-16.8381372857814	1.28209185835739e-63	8.17629427054764e-61
ENSG00000101665	SMAD7	237.485553584766	-3.02557159812881	0.20586484067455	-4.98177150973597	6.30048036417545e-07	1.30912612679691e-05
ENSG00000101746	NOL4	36.2127517589883	-8.77588658699735	1.21729292780645	-5.56635665271419	2.60120575256116e-08	6.53493827018434e-07
ENSG00000101825	MXRA5	2768.18653737101	-3.78185091382897	0.522826566224267	-3.40811088980631	0.000654143057719842	0.00912224225403928
ENSG00000102230	PCYT1B	594.624249567248	-3.63542366094932	0.351120880852574	-4.65772259678281	3.19726636283489e-06	6.07957265621161e-05
ENSG00000102349	KLF8	89.1581691516969	-9.2616777776354	1.06304423365133	-6.83102127622017	8.43122264120291e-12	3.12049336191485e-10
ENSG00000102383	ZDHHC15	182.579292870923	-3.19676185972006	0.326183003724798	-3.66898902166518	0.000243511534742683	0.00360827949738019
ENSG00000102452	NALCN	188.072534505451	-3.64643236398521	0.266044058583571	-6.18857031707784	6.0712324558568e-10	1.781718678771e-08
ENSG00000102531	FNDC3A	2540.71321498654	-14.6845371578238	1.1901407892788	-10.6580139695156	1.59977111778028e-26	1.71134225186547e-24
ENSG00000102543	CDADC1	98.0088983345002	-9.02886956511354	1.1906709576513	-5.90328463119534	3.56334710172039e-09	9.67002590730374e-08
ENSG00000102547	CAB39L	251.060809758898	-11.3107998522087	1.19512513375008	-7.79064851811222	6.66661265646115e-15	3.21334605979018e-13
ENSG00000102575	ACP5	24.3733372329924	-4.78296270347405	0.702116351453178	-3.96367738440235	7.3803977186861e-05	0.00118579820323192
ENSG00000102753	KPNA3	1301.92820106711	-13.1117709567308	1.18513009770975	-9.37599254141308	6.85279369967639e-21	5.33456208142415e-19
ENSG00000102935	ZNF423	1212.3637472177	-3.33302470428565	0.344488502773228	-3.86957675961441	0.000109024452758309	0.00169581092981756
ENSG00000103381	CPPED1	190.842201723767	-8.11324358060774	1.2009471688167	-5.09035179843186	3.57399813088663e-07	7.69616402704301e-06
ENSG00000103460	TOX3	528.814334613795	-10.3395174487148	1.19924229987353	-6.95398873905153	3.55099966762242e-12	1.37247378761882e-10
ENSG00000103485	QPRT	331.195391945582	-5.69249957441128	0.41132358612074	-8.97711606872791	2.77956609189412e-19	1.88885185941379e-17
ENSG00000104219	ZDHHC2	581.211260422836	-4.50781289913994	0.215699524922197	-11.6264182781326	3.02526828477993e-31	4.36191073303792e-29
ENSG00000104327	CALB1	3724.22333834135	-7.48769306107242	0.339173707825943	-16.1795945099866	7.02555931544336e-59	3.53002421240504e-56
ENSG00000104490	NCALD	220.85053962117	-9.45887680045082	1.22108975213424	-6.10837719947617	1.00649256306456e-09	2.89231424405087e-08
ENSG00000104894	CD37	140.679651250457	-3.50179877190459	0.290549303605821	-5.1688259213384	2.35569188331358e-07	5.21491683808043e-06
ENSG00000105088	OLFM2	915.36743750318	-4.98754451611317	0.467625845694677	-6.38874977424538	1.67247470577643e-10	5.21265095798479e-09
ENSG00000105605	CACNG7	441.042149366638	-4.77047765040444	0.321005709726424	-8.63061798111181	6.10213724645421e-18	3.70621017155521e-16
ENSG00000105880	DLX5	290.027498380003	-12.8967760916321	1.19441909444456	-9.12307593064682	7.30217757814291e-20	5.13039857725371e-18
ENSG00000106025	TSPAN12	129.659403818441	-7.7962480787465	0.615070944768913	-9.42370653018604	4.35439175582537e-21	3.43810331920669e-19
ENSG00000106066	CPVL	139.200010529935	-8.43104938306445	1.24689619918003	-5.15764615153495	2.5007363865824e-07	5.51392420557483e-06
ENSG00000106069	CHN2	13.0502941084891	-8.10255838993849	1.23593339020273	-4.93761107055898	7.90853655904823e-07	1.63301923643311e-05
ENSG00000106236	NPTX2	251.673208443604	-5.4374951303558	0.636823882529308	-5.39787408208203	6.74351665063408e-08	1.59963161064612e-06
ENSG00000106333	PCOLCE	4504.40605527079	-3.06170645168464	0.199656152607155	-5.31767460116126	1.05101812246918e-07	2.45449739276922e-06
ENSG00000106688	SLC1A1	54.9782500486715	-6.31829319900945	0.892484030714781	-4.83851032667887	1.30815900364447e-06	2.62597874569357e-05
ENSG00000106809	OGN	438.848100066938	-13.5132587256698	1.22023018583879	-9.43531708958301	3.89813402436366e-21	3.09258183052506e-19
ENSG00000106819	ASPN	90.7838134658796	-10.1763717155003	1.22127920886858	-6.69492418779079	2.15783471247615e-11	7.58030876431507e-10
ENSG00000106829	TLE4	1344.35815177184	-2.79563098788809	0.206133400553439	-3.8597868455667	0.000113485972852546	0.00176355287335339
ENSG00000107105	ELAVL2	11.5832303832272	-7.82986978220501	1.30676071789272	-4.46131392104153	8.14586603850716e-06	0.000150074005316097
ENSG00000107242	PIP5K1B	28.5670756395685	-7.99298197744052	1.27489517456897	-4.70076449969048	2.59189292674802e-06	5.02058138065525e-05
ENSG00000107731	UNC5B	319.534812092045	-6.06991140635178	0.838277965164737	-4.85508575374753	1.20334657654174e-06	2.43029105793406e-05
ENSG00000107796	ACTA2	2310.49848118697	-4.98672609150111	0.237522906488969	-12.574476018547	2.91728087231419e-36	5.43499260043164e-34
ENSG00000108018	SORCS1	7.47775335916866	-7.59119633077032	1.62390596432539	-3.44305424919911	0.000575183921951872	0.00810290960907731
ENSG00000108370	RGS9	104.48288236536	-3.29519894646377	0.266215956246549	-4.86521906772655	1.14330101282747e-06	2.31466106150089e-05
ENSG00000108821	COL1A1	17361.8681928811	-5.58207822059831	0.287435649066892	-12.4621919105264	1.20025674541214e-35	2.13994162319126e-33
ENSG00000108947	EFNB3	361.30257556062	-3.63732417606598	0.254134092248466	-6.44275689884681	1.17322539217226e-10	3.73382921835091e-09
ENSG00000109255	NMU	70.2181507159801	-6.95064584698951	1.25906704152458	-3.93199542495756	8.42436693925615e-05	0.0013444122061579
ENSG00000109265	CRACD	648.453159846038	-4.84833744774883	0.236607907814608	-12.038217463047	2.23737935108988e-33	3.5331416209925e-31
ENSG00000109452	INPP4B	469.121397817219	-9.10796702950642	1.03390966011247	-6.87484342561729	6.20579821466717e-12	2.32276162973807e-10
ENSG00000109472	CPE	344.503331325523	-4.11399797997014	0.34732975892109	-6.08642918054835	1.15456692076857e-09	3.29498693859961e-08
ENSG00000109686	SH3D19	1387.56142175655	-2.66514686386834	0.178544456677502	-3.725385129541	0.000195017245690313	0.00291839435991975
ENSG00000109794	FAM149A	55.9950342211351	-6.00629305306378	0.888739696810641	-4.50783628484346	6.54920782419912e-06	0.000122151197899939
ENSG00000109906	ZBTB16	95.5857044688682	-5.65995001800789	0.473394912911442	-7.73128294830782	1.06468084037508e-14	5.04384943264551e-13
ENSG00000110042	DTX4	262.595869945627	-3.35272390232095	0.329809160383617	-4.10153526587173	4.10417939863227e-05	0.000686002002104049
ENSG00000110328	GALNT18	68.8898918707322	-7.2265124951304	1.26369787344203	-4.13588770304295	3.53585083507014e-05	0.00059520754006394
ENSG00000110693	SOX6	230.07990777402	-7.00754141522081	0.436915556317706	-11.4611195294213	2.06823896554231e-30	2.85778919063808e-28
ENSG00000110900	TSPAN11	153.07718970817	-6.20987322740013	0.613205143688052	-6.8653586336219	6.63244160815843e-12	2.47129245628932e-10
ENSG00000111077	TNS2	1231.89110800061	-3.47872596879798	0.283808292460686	-5.21029867019414	1.88536873491779e-07	4.23021637262137e-06
ENSG00000111087	GLI1	115.307430345843	-5.6322929994478	0.547473662973043	-6.63464426712823	3.25286063738596e-11	1.12152915595629e-09
ENSG00000111341	MGP	439.458276926323	-7.34157622628751	0.387322599653894	-13.7910264752448	2.88623663406392e-43	7.84535895564162e-41
ENSG00000111348	ARHGDIB	36.5371648548819	-7.27306938824217	1.22464984611701	-4.30577720232559	1.66400470629505e-05	0.000295358063989
ENSG00000111783	RFX4	224.259570622597	-4.84051923620065	0.302572563834598	-9.38789426312105	6.12117372338577e-21	4.78750856167262e-19
ENSG00000111907	TPD52L1	162.565424674688	-3.83608198719887	0.426442844072312	-4.30557579455483	1.66551950925586e-05	0.000295358063989
ENSG00000112175	BMP5	138.974575960499	-5.70827486064176	0.878652952773039	-4.22040903514682	2.4385944369366e-05	0.000421190982904644
ENSG00000112320	SOBP	331.046354502503	-10.134042776744	1.039988617309	-7.82128058073475	5.22886504193011e-15	2.5276912903861e-13
ENSG00000112419	PHACTR2	460.124134085728	-4.42131236966301	0.297919411566683	-8.12740719689911	4.38570157708402e-16	2.24442339042069e-14
ENSG00000112530	PACRG	11.2864978334099	-6.21632951890382	1.24681907791411	-3.38166907580339	0.000720468803388856	0.00997169718613575
ENSG00000112559	MDFI	299.809440448755	-7.05092475085861	1.03815873072203	-4.86527214132826	1.14299424491585e-06	2.31466106150089e-05
ENSG00000112782	CLIC5	795.922534020565	-10.3045035626605	0.568627444680631	-14.6044719444112	2.63012198827838e-48	8.72201053752876e-46
ENSG00000112796	ENPP5	51.9966625973441	-10.1010831475041	1.20438410895325	-6.7263284921161	1.73997516000142e-11	6.2177862344792e-10
ENSG00000112837	TBX18	24.9253982505217	-9.16788272246685	1.25974380705963	-5.68995273665795	1.27074539414326e-08	3.28708726681581e-07
ENSG00000112852	PCDHB2	149.07388800243	-6.17455023931638	1.23062616963043	-3.39221637109345	0.000693296684321942	0.00964391973384407
ENSG00000112981	NME5	33.823367843751	-6.64718320317144	1.20923903520613	-3.84306416504267	0.000121507684394223	0.00187765043330906
ENSG00000113100	CDH9	14.5970833798514	-8.12005476404096	1.34327484556759	-4.55607040080841	5.2119474139729e-06	9.7759389220684e-05
ENSG00000113248	PCDHB15	131.897749970634	-5.19781888461574	0.497849252046393	-6.42326742778303	1.33379864599832e-10	4.23672707840959e-09
ENSG00000113319	RASGRF2	848.151677829452	-6.32759461700633	0.269607624232968	-16.0514548849214	5.58396054308676e-58	2.57187916013671e-55
ENSG00000113494	PRLR	46.8616495877084	-6.42235453038601	0.601848083845994	-7.34795814605872	2.01257492089156e-13	8.6228694478819e-12
ENSG00000113532	ST8SIA4	406.151046318582	-4.61233655771928	0.340406537981089	-7.67416681598638	1.66497290754853e-14	7.75475162361298e-13
ENSG00000114200	BCHE	1603.63800147192	-8.43630857436325	0.483576032752694	-13.3098171506255	2.02977878753093e-40	4.74024817972539e-38
ENSG00000114251	WNT5A	787.777486108208	-3.63583412573571	0.313395941628278	-5.21970424133951	1.7920908588307e-07	4.03731773509128e-06
ENSG00000114631	PODXL2	397.490448258521	-4.09816195562759	0.356257290367662	-5.88945689634102	3.87466847815357e-09	1.04805673794885e-07
ENSG00000114698	PLSCR4	204.343956818483	-4.36595028977346	0.401652404848611	-5.89054182475324	3.84931429053662e-09	1.04290000410764e-07
ENSG00000114854	TNNC1	17.3993292837772	-4.21744088536404	0.570173391811281	-3.88906412893076	0.000100631526924914	0.00158008650373295
ENSG00000114948	ADAM23	177.496018739998	-6.973873215652	0.762694639718371	-6.52144771528567	6.9631994777625e-11	2.3091362108156e-09
ENSG00000115129	TP53I3	290.47300593172	-3.68108277231354	0.454940598016253	-3.69516983017963	0.000219739860196882	0.0032765347319465
ENSG00000115290	GRB14	35.179267302253	-8.6743417242436	1.23310622602618	-5.41262511158702	6.21074310101315e-08	1.48942998743747e-06
ENSG00000115556	PLCD4	295.018849925671	-3.02769763889393	0.268444360842351	-3.82834504576337	0.000129007812328753	0.00198430290929783
ENSG00000115718	PROC	11.343906635367	-7.09122127687093	1.31270748894339	-3.87841260886605	0.000105140282787329	0.00164155464114567
ENSG00000115844	DLX2	68.8319898876839	-5.03032070813364	0.462494438373956	-6.55212356452908	5.67245732784836e-11	1.9001013121829e-09
ENSG00000116117	PARD3B	340.911524510432	-7.447833593575	0.430232116886065	-12.6625451233287	9.53569176682905e-37	1.79671937711128e-34
ENSG00000116194	ANGPTL1	595.294975626632	-8.41163023095453	0.348036680774532	-18.4222830096123	8.70531673415051e-76	7.59699246152366e-73
ENSG00000116745	RPE65	89.5289205734957	-5.53033229705661	0.615282638511377	-5.73774079762423	9.59478080867085e-09	2.53329714313012e-07
ENSG00000117114	ADGRL2	794.052358901472	-3.97602631783657	0.400858916023169	-4.92948076954425	8.2448450465611e-07	1.70034546911728e-05
ENSG00000117122	MFAP2	351.227942830984	-3.94879877856055	0.300260635299701	-6.49035720788169	8.56330943507668e-11	2.80609157594874e-09
ENSG00000117425	PTCH2	137.744179341499	-3.90202495792035	0.378528287956785	-5.02478947659916	5.03985080065367e-07	1.0645320525559e-05
ENSG00000118292	C1orf54	69.1090275734225	-4.42125361380013	0.366956054820493	-6.59821137161658	4.16147684440264e-11	1.41686750630473e-09
ENSG00000118473	SGIP1	19.0572271846428	-8.56541064903052	1.24541338590703	-5.27167181862989	1.35186647892998e-07	3.08862748272132e-06
ENSG00000118495	PLAGL1	232.763224885251	-6.42326831818754	0.378658051840123	-11.6814320907538	1.58600674226722e-31	2.32721927376396e-29
ENSG00000118507	AKAP7	420.75796561821	-3.27698111343432	0.248511017060833	-5.13852918288015	2.76897197096353e-07	6.07305876329978e-06
ENSG00000118526	TCF21	39.4971477791621	-4.95123207614333	0.523803792045955	-5.63423197952796	1.75840194876648e-08	4.47865786674302e-07
ENSG00000118596	SLC16A7	70.0745185679086	-5.88711125230032	0.65344192323036	-5.94867135717888	2.70327787244931e-09	7.45807827006356e-08
ENSG00000118922	KLF12	932.933042760719	-3.05457295310493	0.262291641186764	-4.02061212600376	5.80471124206255e-05	0.000948255340932405
ENSG00000118971	CCND2	443.066917569072	-6.80318093692162	0.499300333663759	-9.61982320675997	6.59444072128951e-22	5.46712107998507e-20
ENSG00000119681	LTBP2	2650.78224076695	-4.37658379655895	0.158461755619005	-14.9978383571179	7.58495932830343e-51	2.62012938797082e-48
ENSG00000119865	CNRIP1	334.321910422641	-9.25633465150588	1.19735206012534	-6.06031834174679	1.35852403545045e-09	3.83089915506868e-08
ENSG00000119866	BCL11A	117.779166795056	-5.07193060001815	0.552317164378745	-5.56189595062379	2.66859393396595e-08	6.68398127176578e-07
ENSG00000120251	GRIA2	108.955391014042	-10.6997219076388	1.34096777371453	-6.48764428062294	8.71888322746118e-11	2.85143595255491e-09
ENSG00000120327	PCDHB14	242.194129304126	-3.94890414760576	0.322917008711013	-6.03530967719911	1.58658126066911e-09	4.4512866130549e-08
ENSG00000120594	PLXDC2	1048.88606676634	-9.77377872025749	0.451494969107163	-17.2178634362864	1.95056973453941e-66	1.29369587073592e-63
ENSG00000121005	CRISPLD1	140.440889307136	-9.34042371803809	1.20178221608055	-6.10794836187365	1.00919991633394e-09	2.89507678420989e-08
ENSG00000121068	TBX2	369.793780842656	-3.18285251556383	0.327068535951244	-3.61652799198073	0.000298581042680839	0.00438509501212666
ENSG00000121871	SLITRK3	341.95203358373	-13.104217349121	1.20655456486698	-9.20324506861006	3.47299654891372e-20	2.54804229104152e-18
ENSG00000122584	NXPH1	39.2904432841244	-9.91974026049221	1.20575246968292	-6.56829694288324	5.08939734187211e-11	1.7221897413384e-09
ENSG00000122585	NPY	279.142268939892	-12.871856794611	1.25331224926178	-8.67449975137054	4.15372349809816e-18	2.55084775266539e-16
ENSG00000123178	SPRYD7	212.861082067204	-9.92752692373006	1.18589761944146	-6.68483247943766	2.31188951570204e-11	8.10432136571998e-10
ENSG00000123179	EBPL	230.745812759704	-9.97793938073285	1.18482141565981	-6.73345305485556	1.65683134773121e-11	5.94630315513661e-10
ENSG00000123342	MMP19	259.270739610269	-4.16387684328933	0.239945110902939	-9.01821602093256	1.91177051309435e-19	1.30987879659576e-17
ENSG00000124191	TOX2	416.377864135238	-3.94261618956021	0.386085785004258	-5.03156620889004	4.86489041576783e-07	1.03151851641747e-05
ENSG00000124212	PTGIS	250.86277956381	-7.91425042089294	0.454589299541841	-13.0100959852193	1.07207345100353e-38	2.25013289760628e-36
ENSG00000124440	HIF3A	567.71259385486	-13.8703046071453	1.19307364425402	-9.94934777439264	2.5384137985805e-23	2.22695445472293e-21
ENSG00000124496	TRERF1	646.16108179856	-9.28476189700529	0.759423800388398	-9.59248563618837	8.59880434189491e-22	7.09337188024674e-20
ENSG00000124593	AL365205.1	34.1428724223001	-3.96048930307818	0.532266305966622	-3.68328650733927	0.00023024612636978	0.00342702964213404
ENSG00000124766	SOX4	2618.00644523729	-2.86871164611195	0.217308949155898	-3.99758799389684	6.39912060941617e-05	0.00103819783585841
ENSG00000124882	EREG	31.2912789450537	-5.71485874108525	0.727133496593268	-5.10890882965774	3.2402464798484e-07	7.06927985294294e-06
ENSG00000125845	BMP2	91.511150769359	-5.61648151195676	0.698837678163773	-5.17499503097662	2.27917046615069e-07	5.06580770767354e-06
ENSG00000125848	FLRT3	548.679617377286	-4.19540197541679	0.466139514881873	-4.70975299309936	2.48017181621732e-06	4.82107020922619e-05
ENSG00000125869	LAMP5	119.421426038146	-4.03539648869952	0.523768659012665	-3.88606010244363	0.000101884292017639	0.00159824356286137
ENSG00000126217	MCF2L	179.488127448276	-7.87490237129202	1.07500332299435	-5.46500856846458	4.62884444124137e-08	1.13271801546479e-06
ENSG00000126562	WNK4	136.997926248795	-5.33541935004416	0.542346574372623	-6.1499777220913	7.74938310382377e-10	2.25425475867547e-08
ENSG00000126950	TMEM35A	67.7567660398166	-4.31345802038995	0.469546562477253	-4.92700448744533	8.34998378823937e-07	1.71988920736394e-05
ENSG00000127083	OMD	257.141247123263	-12.7273483940048	1.23926731257078	-8.65620216493208	4.87743235191657e-18	2.98423268734792e-16
ENSG00000127152	BCL11B	22.3259742123178	-9.20730303269194	1.23490973384227	-5.83629947613036	5.33729273711015e-09	1.43432173215597e-07
ENSG00000127951	FGL2	45.0295324783203	-4.22053186253147	0.410455409001801	-5.40992228103815	6.30521062057136e-08	1.50861035064493e-06
ENSG00000127955	GNAI1	295.220475448844	-9.06148883978774	1.04213879924087	-6.77595810167663	1.23584492818728e-11	4.48392664207294e-10
ENSG00000128512	DOCK4	1126.19875662734	-6.78613420795041	0.313529448813444	-15.265341823754	1.3014405645549e-52	4.7953746668633e-50
ENSG00000128573	FOXP2	22.4866190452311	-8.34735197809993	1.22681506593561	-5.17384580149349	2.29324101808172e-07	5.09025827587858e-06
ENSG00000128594	LRRC4	237.573609413645	-6.23005285431101	0.389456849899864	-10.8614159833076	1.75998753613931e-27	2.012576092188e-25
ENSG00000128606	LRRC17	1063.66179303413	-4.5027530298973	0.435035099585315	-5.75299103976434	8.76781342481329e-09	2.31864616262886e-07
ENSG00000128610	FEZF1	723.460833149767	-3.5528870322024	0.399912219457156	-3.88306972542701	0.000103145974789125	0.00161345604526272
ENSG00000128833	MYO5C	380.32400597914	-4.98923233624561	0.275189463444936	-10.8624519951642	1.74012997228906e-27	2.00368715767534e-25
ENSG00000128849	CGNL1	1606.56926731517	-3.47136816497319	0.371535098370578	-3.96024001884638	7.4874468951949e-05	0.0012006707637256
ENSG00000129009	ISLR	86.1287097339677	-5.07199714627341	0.543489598169136	-5.65235683741161	1.58262602090906e-08	4.04961760072424e-07
ENSG00000129596	CDO1	822.229533419905	-4.16247915966399	0.239719592592696	-9.02086949287547	1.8660227834627e-19	1.28383916068859e-17
ENSG00000130413	STK33	354.446794127673	-4.0557470948198	0.225408340485693	-9.12010216831475	7.50535413357939e-20	5.25089775902447e-18
ENSG00000130477	UNC13A	863.409732700387	-7.19035949870417	0.700880130733663	-7.40548814427231	1.30668913694872e-13	5.74700598932275e-12
ENSG00000130508	PXDN	12237.8551562099	-11.1207136000803	0.378510458192649	-24.0963318256274	2.73114872265455e-128	1.50950589901117e-124
ENSG00000130558	OLFM1	13.5235317773875	-7.01879106013581	1.26221480236113	-3.97617826280244	7.00316372394038e-05	0.00112956670920871
ENSG00000130592	LSP1	128.162242097856	-5.33824035628844	0.804157821712219	-4.15122537660659	3.30699910683904e-05	0.000557249514131078
ENSG00000131080	EDA2R	390.626495174238	-9.36237175626798	0.854390145817043	-8.61710752671127	6.86666449333095e-18	4.14022414414256e-16
ENSG00000131378	RFTN1	1092.69829246263	-2.95121455514986	0.180441159060265	-5.27160521526115	1.35235724772672e-07	3.08862748272132e-06
ENSG00000131389	SLC6A6	4684.14154724905	-2.58655794770588	0.164561882283575	-3.56436095386363	0.000364743740716525	0.00529756154702232
ENSG00000131409	LRRC4B	479.814510818117	-6.87780205829826	0.479481240704104	-10.1730821650819	2.61500408091319e-24	2.47767900946409e-22
ENSG00000131620	ANO1	420.945102550298	-6.50863400623464	0.54299067263059	-8.30333601200177	1.01228062299955e-16	5.57628737872278e-15
ENSG00000132359	RAP1GAP2	1022.89247822634	-6.31793503566265	0.228758097070868	-18.8755505966854	1.81225343163476e-79	1.76758671470211e-76
ENSG00000132386	SERPINF1	1778.77841757582	-8.53915790542234	0.338840710005491	-19.2986194171189	5.5163415121307e-83	5.71665366328995e-80
ENSG00000132970	WASF3	533.530545372507	-3.06247475552453	0.219319276914107	-4.84442029206866	1.26981881467516e-06	2.55520215608359e-05
ENSG00000133107	TRPC4	35.9557736238589	-9.80516198158107	1.25378441216324	-6.22528235784514	4.80689513419744e-10	1.44389725036463e-08
ENSG00000133110	POSTN	6019.81397545165	-12.2951100038704	0.58709373539164	-17.5357176942157	7.64779012097533e-69	5.76400036344964e-66
ENSG00000133216	EPHB2	2642.15973762984	-5.53004714723262	0.174775066897745	-20.197658681475	1.02650081835014e-90	1.54731000627852e-87
ENSG00000133256	PDE6B	65.9758891445475	-5.19033801860493	0.688608267732735	-4.63302311067107	3.60364292177614e-06	6.81322728460322e-05
ENSG00000133640	LRRIQ1	35.0279041311852	-3.86715176382821	0.493574781008212	-3.78291565062183	0.000155001952975005	0.00236221266753544
ENSG00000133687	TMTC1	787.447798469484	-11.0113897657019	1.03712285750252	-8.68883536845578	3.6617384114026e-18	2.26549569400995e-16
ENSG00000133985	TTC9	108.667706311819	-5.39256022161754	0.498023212641067	-6.81205240138597	9.62160442453742e-12	3.54524051029455e-10
ENSG00000134115	CNTN6	6.00665721116666	-6.68538987872075	1.3248482671578	-3.53654829376976	0.000405392375294939	0.00581974976170163
ENSG00000134463	ECHDC3	43.3191398144132	-7.00595573867178	1.2228844617292	-4.0935639427401	4.24792858650786e-05	0.000708600642785581
ENSG00000134533	RERG	91.8719287884282	-9.31944429209214	1.0526957601816	-6.95304813503713	3.57476645553198e-12	1.37844657207385e-10
ENSG00000134602	STK26	22.9502337372947	-5.00287375933094	0.593121858489849	-5.06282767419258	4.13083218876416e-07	8.84926725089129e-06
ENSG00000135063	FAM189A2	10.0150510958046	-7.42610968068595	1.38603968565448	-3.91482995533695	9.04679436017183e-05	0.00143271153090744
ENSG00000135083	CCNJL	224.068835117455	-4.78687214385083	0.377092269510535	-7.39042502109147	1.46360214258808e-13	6.38631240164549e-12
ENSG00000135269	TES	207.808351230067	-3.30337985502558	0.332356027150502	-3.92163748676466	8.79492421902565e-05	0.00139682603903893
ENSG00000135406	PRPH	89.3643245534714	-5.84759307481629	0.746446150813653	-5.15454875160422	2.54242412690014e-07	5.59491008385915e-06
ENSG00000135643	KCNMB4	111.287166380683	-3.1375773433437	0.270953445980053	-4.19842360457539	2.68779496734428e-05	0.000461349154798504
ENSG00000135750	KCNK1	211.157495612502	-8.77543743309432	1.21070901343424	-5.59625587809529	2.19030367768373e-08	5.527766404821e-07
ENSG00000135905	DOCK10	806.182029852348	-4.74677231667098	0.281693018290937	-9.75094211896324	1.82764178504974e-22	1.53828063136598e-20
ENSG00000136014	USP44	127.875749988637	-9.45588828903322	1.05244738674465	-7.08433350962581	1.39715067584317e-12	5.60923858502557e-11
ENSG00000136144	RCBTB1	703.646407018691	-11.7722639913375	1.18448258192011	-8.2502386615902	1.58078508877727e-16	8.51006414188827e-15
ENSG00000136147	PHF11	249.146387436378	-10.6570953584806	1.19170430058125	-7.26446598729075	3.74514841646575e-13	1.57609913435073e-11
ENSG00000136156	ITM2B	3360.657588985	-13.5082872743512	1.03398461184327	-11.1300372776685	8.9598028720857e-29	1.12789871435244e-26
ENSG00000136161	RCBTB2	97.4176971112295	-10.4634454323037	1.19382859661826	-7.08933045855824	1.34762383798604e-12	5.44998801406013e-11
ENSG00000136169	SETDB2	208.08269364021	-9.42553157729146	1.19737368444803	-6.20151559512061	5.5921977568155e-10	1.65283834234862e-08
ENSG00000136367	ZFHX2	221.814628121874	-4.50002155218597	0.361141173407561	-6.92256030681	4.43552865825943e-12	1.69459678992165e-10
ENSG00000136490	LIMD2	286.887228573901	-3.14968649726381	0.187797802636567	-6.12193796265405	9.24440186888757e-10	2.66576395457434e-08
ENSG00000136531	SCN2A	212.127684038408	-6.28380067721045	0.502456333758337	-8.52571733978938	1.51865700497694e-17	8.96115722402939e-16
ENSG00000136542	GALNT5	2852.75668620238	-3.79827022556584	0.382784913170816	-4.69786076642829	2.62900544165013e-06	5.08652733115528e-05
ENSG00000136732	GYPC	518.643359613543	-8.80349322869042	1.04679397587509	-6.49936222932778	8.06612314135641e-11	2.64840371894714e-09
ENSG00000136859	ANGPTL2	1017.13262199367	-3.90162639471052	0.18618277581711	-10.2137611084846	1.72063031354096e-24	1.6491197242094e-22
ENSG00000136960	ENPP2	99.4843213843464	-7.92486391898395	0.63750714719416	-9.29379999120145	1.48876033985193e-20	1.11194302680563e-18
ENSG00000137331	IER3	1475.18263344216	-3.97880440342523	0.494139240797292	-4.00454819219061	6.21361234579486e-05	0.00101106875667934
ENSG00000137486	ARRB1	583.67572301988	-3.47822647662345	0.436530414890734	-3.3863080926296	0.000708398038770689	0.00982102665623478
ENSG00000137558	PI15	3112.48323609914	-4.28295413085014	0.442025175003601	-5.16476042531185	2.40747074061122e-07	5.32243631334329e-06
ENSG00000137726	FXYD6	918.696535853937	-11.9617276302794	1.03241633979893	-9.64894417713252	4.96644175884393e-22	4.1381191358488e-20
ENSG00000137819	PAQR5	39.0908291785723	-4.49270012298593	0.471122906416969	-5.29097628035889	1.21665146347474e-07	2.80184693276037e-06
ENSG00000137868	STRA6	1154.30621167059	-6.55734926178352	0.345245728238188	-13.2003060111416	8.73793695546134e-40	1.98470866655485e-37
ENSG00000137877	SPTBN5	298.473502807076	-4.32548227462214	0.57545172837166	-4.04114221917882	5.31914862481133e-05	0.000874968287182506
ENSG00000137968	SLC44A5	698.184094006658	-3.20220332420482	0.310145603772691	-3.87625460293782	0.000106076688275603	0.00165306162434002
ENSG00000138030	KHK	64.4901457050778	-3.36705347512812	0.391528901336021	-3.49157743007808	0.000480177264764007	0.00683417959403605
ENSG00000138080	EMILIN1	3260.37136098674	-4.95222507133801	0.276134258458435	-10.6912669504294	1.11832746335634e-26	1.21195997842559e-24
ENSG00000138083	SIX3	618.89861134912	-13.0375339735933	1.1852561239069	-9.3123619030213	1.25020710816498e-20	9.46560916003814e-19
ENSG00000138134	STAMBPL1	267.541098963573	-3.33519843889151	0.284967075485331	-4.68544808770459	2.79348098507109e-06	5.38589630389114e-05
ENSG00000138162	TACC2	605.331100378355	-5.4155643982312	0.209992001834608	-16.2652118575512	1.74263325062913e-59	9.02956310271301e-57
ENSG00000138435	CHRNA1	406.009376839922	-4.83918030177948	0.310854720816082	-9.13346367822827	6.63420120722614e-20	4.74145216452658e-18
ENSG00000138640	FAM13A	409.479690433402	-4.16843741632486	0.263357382089836	-8.23382051840556	1.81335314112309e-16	9.69909949450388e-15
ENSG00000138650	PCDH10	256.770384494621	-10.3957725554451	1.05139208161587	-7.98538690013885	1.40082246432965e-15	6.93344396449253e-14
ENSG00000138653	NDST4	55.6803596240515	-7.08638345391734	1.07137628021542	-4.74752292714063	2.05923053543735e-06	4.04550965735625e-05
ENSG00000138675	FGF5	20.9993338140092	-7.74126806198604	1.28459646820571	-4.46931639941785	7.84699825179193e-06	0.000144889841885258
ENSG00000138696	BMPR1B	308.550252187394	-12.0670250387	1.19285846940774	-8.43941280284354	3.189358264252e-17	1.84260450799869e-15
ENSG00000138722	MMRN1	31.9545585672158	-9.17073857837709	1.31227602074485	-5.46435236567605	4.64599855812986e-08	1.13454053155156e-06
ENSG00000138829	FBN2	11062.5162408638	-3.84993555527923	0.318356931185149	-5.81088512316181	6.21433970279785e-09	1.66193494535631e-07
ENSG00000139132	FGD4	442.426054701363	-3.75947194203451	0.234482741138849	-7.50363090046206	6.20739346840996e-14	2.7957555650397e-12
ENSG00000139155	SLCO1C1	67.342981907119	-9.81195892353047	1.25687813946299	-6.21536700993798	5.12048257515371e-10	1.52702736652201e-08
ENSG00000139219	COL2A1	53.6551690173819	-5.67673484909944	0.512851799639079	-7.16919556816796	7.54397251585088e-13	3.09620317537929e-11
ENSG00000139329	LUM	742.561810579189	-5.40797068063854	0.360712257171691	-9.44789264262906	3.45720681192633e-21	2.75595894944954e-19
ENSG00000139679	LPAR6	149.693884328555	-10.6557757886314	1.20505578440197	-7.18288389688696	6.82560630991356e-13	2.81530791603673e-11
ENSG00000139687	RB1	798.38862725409	-12.5901255123592	1.18947962885651	-8.90315836895823	5.42796490497202e-19	3.61450144937113e-17
ENSG00000140092	FBLN5	256.292885343744	-6.6774893253928	0.512664570949357	-9.12387863419347	7.24827253500632e-20	5.11419603842297e-18
ENSG00000140285	FGF7	18.8245530500181	-8.79864757927684	1.23930229329214	-5.4858670205609	4.11446335337808e-08	1.01219461220122e-06
ENSG00000140379	BCL2A1	27.8143942446544	-7.68723475135062	1.15788001924456	-4.91176517154268	9.02601138248502e-07	1.85682747807673e-05
ENSG00000140481	CCDC33	25.0612149671983	-5.67741057084529	0.696375499567431	-5.28078683573675	1.28630275626575e-07	2.94995657007502e-06
ENSG00000140545	MFGE8	2133.56390691082	-2.5343070726905	0.152825493758006	-3.49619071760737	0.000471951250230082	0.00672287257737542
ENSG00000140563	MCTP2	38.3957378302947	-6.92175312244984	0.76201325717251	-6.45888122827713	1.05479854124397e-10	3.39604167230413e-09
ENSG00000140848	CPNE2	1853.79964516407	-3.2925339719197	0.203458592487305	-6.35281093866974	2.11415498469727e-10	6.50367417463181e-09
ENSG00000140945	CDH13	312.599568294663	-3.69058854990649	0.489632616841986	-3.45276946787244	0.000554862974565342	0.00784314564042005
ENSG00000141431	ASXL3	64.2682477725247	-8.17277171460743	0.894053958493032	-6.90424963277598	5.046948235299e-12	1.91495305925612e-10
ENSG00000141469	SLC14A1	126.315253732682	-7.31290041496764	1.11268085440183	-4.77486459297783	1.79828210687723e-06	3.55391127701208e-05
ENSG00000141753	IGFBP4	640.044657653511	-3.93818712908749	0.340466884802471	-5.69273317201457	1.2502168829541e-08	3.2441073765668e-07
ENSG00000142089	IFITM3	2566.74579843223	-3.44601429802486	0.355474194697886	-4.06784604787927	4.74497123415375e-05	0.000785443200653966
ENSG00000142149	HUNK	245.431410531286	-6.69081791513694	0.54399379087807	-8.6229254704643	6.52649351157516e-18	3.94948134727838e-16
ENSG00000142303	ADAMTS10	815.68362177742	-6.94379347139897	0.30275828472633	-16.3291765107857	6.12049007735468e-60	3.49944296457303e-57
ENSG00000142408	CACNG8	296.219449862549	-6.1322796914118	0.413866609932306	-9.98456892206815	1.78073410734141e-23	1.59601903966637e-21
ENSG00000142611	PRDM16	125.83721662483	-6.24087467565543	0.661949799702384	-6.40664092286478	1.48760610857505e-10	4.68045481713147e-09
ENSG00000143127	ITGA10	86.2025446926106	-4.22348143717631	0.464776286617805	-4.78398210321071	1.7185599255669e-06	3.40041075487169e-05
ENSG00000143341	HMCN1	182.722325387202	-5.98171291389176	0.539841630954898	-7.37570555062365	1.63476962395487e-13	7.09584165832349e-12
ENSG00000143344	RGL1	1598.56118893454	-3.09126082357551	0.276107408494006	-3.95230547969594	7.74018424040654e-05	0.00123999995062977
ENSG00000143369	ECM1	940.677216218266	-3.48149832285732	0.213453774254191	-6.94060495315054	3.90424391388569e-12	1.50200158552526e-10
ENSG00000143416	SELENBP1	414.512729026491	-11.6757161004547	1.21906611844193	-7.93699041756742	2.07146047030395e-15	1.01919543199139e-13
ENSG00000143473	KCNH1	203.326168438502	-4.28296951086713	0.38480652731064	-5.9327723124202	2.97861787461748e-09	8.17689784421067e-08
ENSG00000143768	LEFTY2	8.49653162589704	-7.72569639628408	1.39180273805168	-4.11387062242687	3.89079554719392e-05	0.000650991735297905
ENSG00000144115	THNSL2	35.8672271470085	-7.17227014477378	1.22440409666245	-4.22431626852005	2.39667283801811e-05	0.00041438198464211
ENSG00000144278	GALNT13	34.0065108204939	-8.81679589840672	1.23358792471623	-5.52599110434292	3.27630732153375e-08	8.14459545702415e-07
ENSG00000144285	SCN1A	104.300777126534	-10.7204897020332	1.36298598624866	-6.398077302346	1.57345629209851e-10	4.9132728397901e-09
ENSG00000144355	DLX1	239.376734463842	-2.59979573258971	0.175777276156391	-3.41224841859572	0.000644293686968096	0.00900761688332041
ENSG00000144583	MARCHF4	48.830005563716	-7.16392997300219	1.05872523775839	-4.87749775752548	1.07440069298389e-06	2.1858451399222e-05
ENSG00000144596	GRIP2	132.38082211876	-4.86258184772018	0.550279217235891	-5.20205335411216	1.97098619195616e-07	4.41038084329624e-06
ENSG00000144645	OSBPL10	367.246887940547	-2.93938770817641	0.266012319533693	-3.53136918554416	0.000413414292642197	0.00592977715077878
ENSG00000144724	PTPRG	3656.78292095356	-2.46437386144875	0.111427790022211	-4.16748695595759	3.07976130014454e-05	0.000521076756303026
ENSG00000144730	IL17RD	2782.73554547988	-3.61064630742603	0.190318245594057	-8.46291064946809	2.60785515003529e-17	1.52256500854701e-15
ENSG00000144749	LRIG1	3436.13651205536	-3.72974396614733	0.181269884451702	-9.54236811801026	1.39607322843766e-21	1.14030986210467e-19
ENSG00000144810	COL8A1	1548.42087601739	-3.89300159293279	0.320194325318684	-5.91203979348702	3.37896876023294e-09	9.21491464036552e-08
ENSG00000144891	AGTR1	132.850281526871	-9.44460959613385	1.24996694269944	-5.95584518423853	2.58731172427255e-09	7.16197257097882e-08
ENSG00000145147	SLIT2	1846.7377460411	-5.76474293607412	0.205520534212253	-18.3180865625138	5.93635779720889e-75	4.92153743177603e-72
ENSG00000145335	SNCA	276.881780802222	-7.65321153740293	0.606255443028177	-9.32480129030392	1.11191748442897e-20	8.49617687065287e-19
ENSG00000145358	DDIT4L	23.4325728883816	-8.16601188817353	1.23173190215591	-5.00596913774913	5.55816627785906e-07	1.16658170953394e-05
ENSG00000145416	MARCHF1	713.379810977333	-3.5646312964854	0.186543882826299	-8.38747040524673	4.96714167891034e-17	2.81092751460793e-15
ENSG00000145506	NKD2	23.0544450918004	-6.04196107889234	0.811203696053075	-4.98267093525161	6.27125485555114e-07	1.3046885415294e-05
ENSG00000146006	LRRTM2	231.01857401802	-4.14201819094159	0.374824745909262	-5.71471925031368	1.09885288805863e-08	2.87836962668247e-07
ENSG00000146151	HMGCLL1	22.7925211687271	-4.64320272903673	0.729629883089673	-3.62266238033438	0.000291586301406563	0.00428996669354234
ENSG00000146411	SLC2A12	1223.18429985859	-5.41467151978494	0.264715033047137	-12.8994242619266	4.53472432026805e-38	9.1695443846786e-36
ENSG00000146938	NLGN4X	770.865577286397	-10.4273494330296	1.04775386873897	-8.04325298571537	8.74844556282743e-16	4.39569623870429e-14
ENSG00000147144	CCDC120	146.288198280983	-6.70869642442266	0.58879603013828	-7.99716061828204	1.27321106413764e-15	6.33566218574287e-14
ENSG00000147180	ZNF711	485.315432423482	-2.96903242139024	0.193146131578541	-5.01709463953822	5.24587302390685e-07	1.10523279046251e-05
ENSG00000147576	ADHFE1	19.0589172603997	-5.71789468871651	1.01134057442016	-3.67620441892005	0.00023672985425382	0.00351092818728318
ENSG00000147813	NAPRT	156.17964263309	-3.35669222793216	0.220135612857478	-6.16298385491367	7.13867884594039e-10	2.08759142759326e-08
ENSG00000147872	PLIN2	410.389721581942	-2.9715701309603	0.177225550143686	-5.48211096070853	4.20280479752371e-08	1.03239564959616e-06
ENSG00000148082	SHC3	1722.83000700195	-3.31946178222837	0.364022683380858	-3.62466912768699	0.000289331629667234	0.00426645499066604
ENSG00000148204	CRB2	714.68816685707	-5.62579295414705	0.352382710290414	-10.2893611072997	7.8696795904106e-25	7.67571513462342e-23
ENSG00000148426	PROSER2	72.368604838772	-8.04414963550414	0.854636651479452	-7.07218632039848	1.52511451487467e-12	6.0788278296002e-11
ENSG00000148516	ZEB1	2678.33129466416	-2.61229554492602	0.161986961784755	-3.77990634665786	0.000156887358979974	0.00238655899013482
ENSG00000148541	FAM13C	108.264587774797	-6.40879209424599	0.459973994704008	-9.58487250367935	9.25719066328354e-22	7.59868704890616e-20
ENSG00000148704	VAX1	460.188247323737	-5.10256093909978	0.433093090084945	-7.16372763761079	7.85123176645031e-13	3.2143524424571e-11
ENSG00000148814	LRRC27	240.248782953891	-2.73480939003695	0.18792584789119	-3.91010283195534	9.22568374369849e-05	0.00145686725861204
ENSG00000149054	ZNF215	29.7810820426426	-6.52148446267055	1.2282878606712	-3.68112769607589	0.00023220466681356	0.0034499870792434
ENSG00000149131	SERPING1	122.213148428055	-6.8231741168967	0.574973825898387	-8.38851074544231	4.92339073529991e-17	2.79571033500027e-15
ENSG00000149256	TENM4	957.772128900386	-8.41080456320799	0.410287734957094	-15.6251430813022	4.90818611378763e-55	2.08673420391571e-52
ENSG00000149591	TAGLN	1102.88839039031	-4.89337661281148	0.180121876549208	-16.0634380911584	4.60313694164408e-58	2.1807032465543e-55
ENSG00000149633	KIAA1755	306.697142623415	-3.58431192375817	0.23218235981563	-6.82356715219982	8.88071985492138e-12	3.27953710277175e-10
ENSG00000149809	TM7SF2	485.388270247772	-3.56379185157633	0.245619740502506	-6.36671893055912	1.93114584412121e-10	5.97394202264437e-09
ENSG00000150275	PCDH15	46.6379712244384	-5.12221129007761	0.7300429372567	-4.27675021665167	1.89641381577205e-05	0.000332393630859581
ENSG00000150281	CTF1	101.513787546785	-4.02201036292231	0.312077508150612	-6.47919286110956	9.22145729387705e-11	3.00986187775148e-09
ENSG00000150556	LYPD6B	9.39138983325028	-7.47335260303366	1.33016114826239	-4.11480414247823	3.87508305926158e-05	0.000649017699046628
ENSG00000150627	WDR17	140.971894271444	-3.50805454427189	0.265833386950675	-5.67293131073752	1.40374526009826e-08	3.61420809902008e-07
ENSG00000150630	VEGFC	185.796530396012	-7.22035973014438	0.473669218255714	-11.0211082522279	3.02313822562575e-28	3.63236629848555e-26
ENSG00000150672	DLG2	34.6836961810877	-3.67014204144657	0.410225708544005	-4.07127590168428	4.67563302492493e-05	0.000775823840238521
ENSG00000150893	FREM2	5403.93574651198	-4.21899732420878	0.530517425101401	-4.18270393999716	2.88062414400667e-05	0.000490386334001792
ENSG00000151025	GPR158	657.693702118016	-3.54579351369535	0.321806281601632	-4.80349080198784	1.55923055096158e-06	3.09623973239449e-05
ENSG00000151067	CACNA1C	272.821545041208	-8.83209318795407	0.760502388072166	-8.98365777032347	2.61911484647901e-19	1.78714169833204e-17
ENSG00000151136	BTBD11	150.831183910131	-8.82593101422201	1.19615802906542	-5.70654616560594	1.15291647088358e-08	3.00102166463432e-07
ENSG00000151150	ANK3	1442.75845260044	-6.88912842849178	0.45960248881787	-10.6377327091221	1.9891061693566e-26	2.11419034577575e-24
ENSG00000151229	SLC2A13	394.777870283772	-3.31046772165447	0.229390740625573	-5.71281873924243	1.11120020670879e-08	2.90154498069897e-07
ENSG00000151338	MIPOL1	57.1499132238345	-4.03593231851643	0.393736164017277	-5.17080345819364	2.33089622462729e-07	5.16692383697128e-06
ENSG00000151572	ANO4	175.190926120918	-7.75711013496236	0.523991915263195	-10.9870209201045	4.41250774988478e-28	5.26358208639133e-26
ENSG00000151617	EDNRA	95.0374772187446	-9.54445880315122	1.20576449328254	-6.25699201227297	3.92473506336225e-10	1.187518833679e-08
ENSG00000151834	GABRA2	127.62590561089	-9.19276213401507	1.06148650809213	-6.77612205071079	1.23444406935984e-11	4.48392664207294e-10
ENSG00000151952	TMEM132D	183.253533663118	-12.2211185009656	1.20556850154197	-8.4782560990042	2.28594355828394e-17	1.33933675406028e-15
ENSG00000152092	ASTN1	641.638635149758	-7.94021612229315	0.527366406415849	-11.2639258967304	1.97748471830284e-29	2.60227572334757e-27
ENSG00000152154	TMEM178A	239.739617741035	-3.24229910425338	0.293709834422388	-4.22968167442025	2.34022222091442e-05	0.000405044098590626
ENSG00000152229	PSTPIP2	390.056018356192	-6.83344790984211	0.414409179122324	-11.663467300794	1.95899140660446e-31	2.84930144850076e-29
ENSG00000152270	PDE3B	136.763092950789	-7.80915245645487	1.20101693458888	-4.83686140399296	1.31905332453855e-06	2.64464609119392e-05
ENSG00000152284	TCF7L1	436.851132098555	-3.87332219528256	0.215818735569201	-8.68007214638646	3.95517851872047e-18	2.43794851371391e-16
ENSG00000152377	SPOCK1	3323.30816227256	-4.63687672249787	0.278213334116254	-9.47789483517719	2.59464593525626e-21	2.07834899770455e-19
ENSG00000152582	SPEF2	73.8048541750244	-3.52174644203893	0.303038916254357	-5.02162052599755	5.12373360916002e-07	1.08087311671097e-05
ENSG00000152583	SPARCL1	1879.46668670784	-10.1077707365666	0.717354287302078	-11.3023242212149	1.27790357818829e-29	1.69511353839521e-27
ENSG00000152784	PRDM8	146.887623814461	-5.15529244620147	0.55789277971138	-5.655732715942	1.55182805874968e-08	3.97694915643407e-07
ENSG00000152804	HHEX	135.826675253712	-5.96121306164495	0.523286179520089	-7.56987900058401	3.73572022467428e-14	1.70170266608034e-12
ENSG00000152822	GRM1	59.0185157846426	-5.71389914709463	0.505175459041712	-7.35170143486319	1.95699558800401e-13	8.42829710251803e-12
ENSG00000153071	DAB2	362.591300770733	-4.13177777668152	0.304100864912477	-7.01010099821669	2.38146150730198e-12	9.3129748237203e-11
ENSG00000153132	CLGN	292.483295000376	-6.97923269786322	0.650899687877931	-7.64976968124929	2.01339603456746e-14	9.35129401937339e-13
ENSG00000153266	FEZF2	245.615069154456	-12.6701409724298	1.19783369965904	-8.90786506963946	5.20246598400319e-19	3.47831001938536e-17
ENSG00000153823	PID1	134.188989154843	-8.90084229101478	0.941507541968402	-7.3295666613432	2.30898107205628e-13	9.84195762359e-12
ENSG00000153885	KCTD15	303.89653029606	-3.31429985434981	0.269412724436926	-4.87838819453204	1.06956263594679e-06	2.17867543816138e-05
ENSG00000153993	SEMA3D	81.1271204131854	-11.0415831530212	1.20190530919705	-7.52270838961645	5.36530031678881e-14	2.42403391151704e-12
ENSG00000154358	OBSCN	546.205612183575	-4.52996837962446	0.434766142464877	-5.81914765782123	5.91484659229076e-09	1.58439533678147e-07
ENSG00000154548	SRSF12	222.086318786076	-4.53585400895273	0.360629455382238	-7.03174399957133	2.03967786935675e-12	8.07157488109888e-11
ENSG00000154654	NCAM2	52.3240460225265	-5.09085152798769	0.655368521896368	-4.71620382230753	2.4028572843835e-06	4.6817598862941e-05
ENSG00000154721	JAM2	887.545355929181	-3.05726026932286	0.279247077064142	-3.78611042392401	0.000153023695767661	0.00233635902350239
ENSG00000155011	DKK2	79.3619290760225	-9.48439374260472	1.20362400297531	-6.21821575849567	5.02839826744314e-10	1.50497963307716e-08
ENSG00000155093	PTPRN2	531.69038082427	-8.09420691014971	0.464866621576151	-13.1095816031855	2.90194918116342e-39	6.24898952894424e-37
ENSG00000155511	GRIA1	2460.0906637989	-8.02334638501054	0.38647307908532	-15.5854229207018	9.14560659032585e-55	3.79108257185482e-52
ENSG00000155962	CLIC2	118.182911246139	-4.0119972649803	0.321197834288775	-6.26404368334377	3.75120315894739e-10	1.13917032195067e-08
ENSG00000155974	GRIP1	64.6302766378203	-4.29598817774703	0.640041238991374	-3.5872503799368	0.000334183397888797	0.00487343440667911
ENSG00000156103	MMP16	3156.83145995804	-3.31796832270443	0.244004975541188	-5.40139937630886	6.61230266497957e-08	1.57526710471302e-06
ENSG00000156675	RAB11FIP1	1129.96102628131	-6.58324715131257	0.288226100303882	-15.9015687561965	6.1797654933666e-57	2.76937004447329e-54
ENSG00000157613	CREB3L1	615.572841659997	-4.51083926821807	0.405568782543799	-6.19090861103667	5.98183856477801e-10	1.75859690146426e-08
ENSG00000157657	ZNF618	1059.44441211922	-5.44266731612403	0.249750818084191	-13.784408565835	3.1634853550975e-43	8.46028236659219e-41
ENSG00000157851	DPYSL5	675.438840851425	-4.30398974933518	0.230576021102803	-9.99232157062825	1.64678921863471e-23	1.48398978446642e-21
ENSG00000157890	MEGF11	325.173671376292	-5.26249307819041	0.355721254282573	-9.17148761540911	4.66535695356622e-20	3.36331668030789e-18
ENSG00000158055	GRHL3	1043.77642623821	-9.51468870058278	1.09391841944575	-6.86951473437133	6.44206638244643e-12	2.40576357403929e-10
ENSG00000158164	TMSB15A	67.4199321508997	-4.12083337403405	0.540302891753563	-3.92526748681808	8.66334159553816e-05	0.00137856878114797
ENSG00000158258	CLSTN2	808.715794353379	-3.93116112169296	0.461359875219549	-4.18580207213289	2.84160885878647e-05	0.000484399488595841
ENSG00000158270	COLEC12	1173.37154700627	-4.47062373621295	0.320896130044459	-7.69913845913521	1.36986674654723e-14	6.43088291438834e-13
ENSG00000158445	KCNB1	103.845950746114	-3.45237036372712	0.349602057789219	-4.15435301757513	3.26209224031391e-05	0.00055024162193942
ENSG00000158560	DYNC1I1	57.6213423840976	-5.95852343421275	0.676592750347542	-5.85067373568427	4.89585762147329e-09	1.31782816918261e-07
ENSG00000159217	IGF2BP1	300.647133940228	-10.8946163420994	1.0287095618821	-8.64638248897587	5.31577269724571e-18	3.24047158430262e-16
ENSG00000159674	SPON2	316.658649133453	-4.74367429920652	0.366066793824681	-7.49501005141848	6.62932825846823e-14	2.9628272736836e-12
ENSG00000159784	FAM131B	261.51023939783	-3.47182589395715	0.370101854106719	-3.97681307895514	6.98450235405853e-05	0.00112875276347607
ENSG00000160111	CPAMD8	19.1299721974743	-5.06198709765976	0.646522656848304	-4.73608629987767	2.17884836616421e-06	4.27038826942894e-05
ENSG00000160233	LRRC3	101.808631736933	-3.76022410097358	0.453887350759926	-3.87810785655627	0.000105272046743623	0.00164206566985513
ENSG00000161381	PLXDC1	1623.94439250809	-4.033014621295	0.382277307420438	-5.31816715727529	1.04817751920232e-07	2.45131614187499e-06
ENSG00000161682	FAM171A2	305.013447732705	-3.9763955865455	0.32901634814322	-6.00698292865732	1.89007408489453e-09	5.27597952889498e-08
ENSG00000162105	SHANK2	16.715344250498	-7.61535756393924	1.25353248824118	-4.47962666832678	7.47737062759267e-06	0.000138682642478875
ENSG00000162337	LRP5	974.39868822543	-5.39721261970659	0.263111299876645	-12.9116941054957	3.86698621298134e-38	7.9158639996844e-36
ENSG00000162373	BEND5	44.1521344067457	-5.66878274643147	0.866049818002997	-4.23622598858254	2.27308008270169e-05	0.000394659066505515
ENSG00000162630	B3GALT2	56.777656467231	-5.38124940177882	0.56432133904863	-5.99170927592275	2.07646889523549e-09	5.77683401877512e-08
ENSG00000162631	NTNG1	123.311832175299	-6.3108891994911	1.06140087198528	-4.06150900500758	4.87565372175335e-05	0.000805211298410281
ENSG00000162670	BRINP3	129.126459103003	-11.4899852588469	1.22439791161888	-7.75073623435001	9.13612833236432e-15	4.3405771885081e-13
ENSG00000162687	KCNT2	187.889491709583	-10.8487671536928	1.22649014723418	-7.21470708398874	5.40501953649055e-13	2.25177459634547e-11
ENSG00000162738	VANGL2	790.15250346079	-5.67996132559299	0.224850141905406	-16.3662842033746	3.32930108272978e-60	1.97154075902652e-57
ENSG00000162804	SNED1	794.108107296007	-4.49862856830835	0.246935894781704	-10.1185312508624	4.57225112540451e-24	4.21180532835178e-22
ENSG00000162944	RFTN2	88.3173998076289	-6.2468204445222	0.656141313245676	-6.47241738752104	9.64472558405346e-11	3.13497471648727e-09
ENSG00000162946	DISC1	123.336339738895	-3.76697204889436	0.350432907144121	-5.04225491633884	4.60077819153029e-07	9.7801927171492e-06
ENSG00000162998	FRZB	114.507449100973	-5.80640670380393	0.512658257816073	-7.42484227215854	1.12914389494828e-13	4.97934439418551e-12
ENSG00000163017	ACTG2	1207.47411629471	-10.0259058146798	0.746954970977363	-10.7448321873783	6.26757948430817e-27	6.8823003595572e-25
ENSG00000163071	SPATA18	20.044391395918	-6.34648793532413	0.958221144753798	-4.53599668419016	5.73320806928031e-06	0.000107293818280741
ENSG00000163297	ANTXR2	1419.13010979015	-2.82405059370976	0.232902188522817	-3.5381831271587	0.000402890531394905	0.00579386634957408
ENSG00000163590	PPM1L	526.032338697945	-6.12828494212471	0.323165684106131	-12.7745151950259	2.27561178603819e-37	4.49189512194038e-35
ENSG00000163618	CADPS	241.351931224427	-7.27836973896541	0.673522028314867	-7.83696674653943	4.61560220309459e-15	2.2377573137284e-13
ENSG00000163697	APBB2	1617.98616498173	-3.61530701305358	0.145494145345814	-11.1022131455137	1.22375469164943e-28	1.52564485279994e-26
ENSG00000163923	RPL39L	116.941827221497	-5.31332100783991	0.876528102739761	-3.78005108733362	0.000156796183309929	0.00238655899013482
ENSG00000164100	NDST3	94.5376908074823	-8.13098646934995	0.696426842967779	-8.80348960017556	1.32626469221594e-18	8.49065438673068e-17
ENSG00000164106	SCRG1	105.96031601483	-5.09183403098481	0.606190394678657	-5.10043388698662	3.38875737705098e-07	7.3449654992003e-06
ENSG00000164116	GUCY1A1	15.5413696169581	-7.84984748251895	1.27987376082336	-4.57064412255446	4.86227389580661e-06	9.14074415718474e-05
ENSG00000164199	ADGRV1	2143.49949073829	-3.4930835643086	0.306211474832071	-4.8759882859629	1.08265033451974e-06	2.19992955841567e-05
ENSG00000164220	F2RL2	132.691222074886	-4.35403517070387	0.340733904745136	-6.90872008309432	4.89045837000886e-12	1.86410782145096e-10
ENSG00000164440	TXLNB	66.2490434693301	-5.88344345747459	0.777469748795699	-4.99497692802845	5.88428017089838e-07	1.2270397744731e-05
ENSG00000164484	TMEM200A	398.172298991466	-9.88478253349513	1.20050108401058	-6.56790954919758	5.10265189308263e-11	1.72315826963754e-09
ENSG00000164588	HCN1	79.5397318358237	-7.51328450973535	0.677643582581066	-8.1359650581149	4.08669680931114e-16	2.11382623854385e-14
ENSG00000164659	ELAPOR2	169.635092502551	-8.95860433675505	1.04608890638949	-6.65202000924781	2.8909738669719e-11	1.00282924034019e-09
ENSG00000164690	SHH	168.928497569119	-9.66244278842172	0.957058935413894	-8.00623922403273	1.18269554702948e-15	5.9085371336222e-14
ENSG00000164692	COL1A2	28229.9521291075	-4.42494170274614	0.218888218369755	-11.0784478068611	1.59615656012955e-28	1.97412578710096e-26
ENSG00000164741	DLC1	316.238316102907	-9.76223641963073	1.18994909786468	-6.52316677541902	6.88382462587407e-11	2.28738869983202e-09
ENSG00000164850	GPER1	93.8946326877323	-5.22366596202039	0.350717196324995	-9.1916392917134	3.86899537962855e-20	2.82607103037978e-18
ENSG00000164929	BAALC	783.825733592264	-4.45111019466309	0.276317067269981	-8.87064349256496	7.27244266854688e-19	4.78509412250698e-17
ENSG00000164938	TP53INP1	994.098935170603	-3.51681591818227	0.249253665795274	-6.08543073315566	1.16178544439077e-09	3.30989079956071e-08
ENSG00000164946	FREM1	19.9562558741841	-6.86063954211783	1.28804211356684	-3.77366507734579	0.000160866690616006	0.00243903181819478
ENSG00000165071	TMEM71	44.3875005552987	-5.8475901619417	1.09120551470048	-3.52599955746907	0.000421887673903619	0.00603565101035023
ENSG00000165092	ALDH1A1	308.494078853454	-3.94696895061901	0.453645975910656	-4.29182458129521	1.77210924581835e-05	0.00031292165500441
ENSG00000165238	WNK2	158.457862997272	-6.76623416621863	0.895399821488153	-5.32302335988538	1.02056633388415e-07	2.39011446075327e-06
ENSG00000165300	SLITRK5	544.189775650253	-8.79054878026531	0.436708668309958	-15.5493794216277	1.6065495161825e-54	6.49712134824929e-52
ENSG00000165323	FAT3	685.385561155118	-4.44523753663239	0.480017551658467	-5.09405859886594	3.50478360400359e-07	7.55693328192244e-06
ENSG00000165406	MARCHF8	517.030664034558	-2.99569874077448	0.199212809749361	-4.99816624255847	5.78780779909064e-07	1.21018462946686e-05
ENSG00000165495	PKNOX2	377.255367129436	-5.47031166679678	0.419872164687058	-8.26516249150094	1.39504591009423e-16	7.58401843779424e-15
ENSG00000165626	BEND7	180.592280909325	-3.64039985285542	0.263738880598512	-6.2197877276676	4.97827921624028e-10	1.49267355668138e-08
ENSG00000165716	DIPK1B	329.254211348273	-3.57392301058337	0.24881198569875	-6.32575237950554	2.52001653992766e-10	7.73785078676675e-09
ENSG00000165730	STOX1	23.8840081528241	-4.34168517212903	0.598443028334731	-3.91296257330487	9.11706693988391e-05	0.00144108757798108
ENSG00000165995	CACNB2	209.996298846979	-5.91625808954389	0.375707613218864	-10.4236857379372	1.93313346071966e-25	1.94262338861774e-23
ENSG00000166016	ABTB2	587.185776163043	-3.6900172769465	0.259751123026241	-6.5062943992576	7.70272022553744e-11	2.53410325515151e-09
ENSG00000166033	HTRA1	3767.43121988245	-3.23148301594977	0.244070331506844	-5.04560717538601	4.52083390243076e-07	9.63267999277103e-06
ENSG00000166341	DCHS1	2585.70641353482	-7.80325079883179	0.224565123151626	-25.8421731628978	2.97951579156494e-147	4.94033513399382e-143
ENSG00000166342	NETO1	112.91383945432	-11.4969763732484	1.19781369028992	-7.92859227627442	2.21643936181578e-15	1.08730121474164e-13
ENSG00000166426	CRABP1	24.9454885694647	-6.85654604257027	1.33990600700352	-3.62454233146634	0.000289473606205856	0.00426645499066604
ENSG00000166432	ZMAT1	329.088153497675	-3.28168612074419	0.356507507620251	-3.59511677411696	0.000324246104961862	0.0047368499263195
ENSG00000166482	MFAP4	979.63551988884	-6.94177641687885	0.327118539447141	-15.1069897329295	1.45642781983799e-51	5.13809142143272e-49
ENSG00000166689	PLEKHA7	585.89748192079	-4.97346126943779	0.239338890775995	-12.4236443972691	1.94495376766964e-35	3.3592998355969e-33
ENSG00000166780	BMERB1	851.41929528061	-4.22226700489434	0.297942361266095	-7.45871448239483	8.73707043420033e-14	3.87351242966513e-12
ENSG00000166888	STAT6	1102.8539872845	-2.50203448986216	0.115679754909433	-4.33986474344806	1.42570441817296e-05	0.000254737122389287
ENSG00000167178	ISLR2	110.930487998471	-4.11426181441596	0.346230368370564	-6.10651753156761	1.01828455889542e-09	2.91609262021502e-08
ENSG00000167614	TTYH1	1180.39394651748	-6.15462664143033	0.417006907657144	-9.96296839486937	2.21353014500656e-23	1.96270285210448e-21
ENSG00000167617	CDC42EP5	76.5480499213774	-6.76585189343958	0.577992936037143	-8.24551927245927	1.64444518798024e-16	8.82412480967649e-15
ENSG00000167641	PPP1R14A	62.3035641184623	-6.43390223698947	1.24981563726813	-3.54764503241548	0.000388691685375539	0.0056042581175755
ENSG00000167771	RCOR2	308.610702066431	-3.27043891990285	0.252285000386281	-5.03572910778541	4.76033375016275e-07	1.01064140731688e-05
ENSG00000167972	ABCA3	2295.21412661252	-2.77926695038578	0.168256336866039	-4.63142705291517	3.63153948387012e-06	6.85814990683946e-05
ENSG00000168081	PNOC	97.4951846028151	-10.3901076550688	1.21661377374452	-6.89627870087772	5.33824186259363e-12	2.01625030350034e-10
ENSG00000168280	KIF5C	1809.08585405765	-2.87314793245324	0.189172839579786	-4.61560937813685	3.91943546808803e-06	7.38501812458723e-05
ENSG00000168356	SCN11A	39.9392620215887	-7.53964898706234	0.886548621660238	-6.24855631345774	4.14263865567156e-10	1.24662598093812e-08
ENSG00000168497	CAVIN2	1254.82785313524	-8.51243633353836	0.523000267194275	-12.4520707579662	1.36263230108162e-35	2.40359640257811e-33
ENSG00000168542	COL3A1	28674.1761080366	-11.4706023806141	0.435935278097464	-21.7247900237538	1.1963148075875e-104	2.47951197807603e-101
ENSG00000168824	NSG1	46.3937573610273	-6.19603126030657	0.679962390003372	-6.17097551569838	6.78699328031881e-10	1.98825327881566e-08
ENSG00000168843	FSTL5	135.062761227496	-10.7687693662585	1.21919013295992	-7.19229029927426	6.37133798964789e-13	2.63449264853745e-11
ENSG00000168874	ATOH8	88.0003512523347	-7.8235713025877	0.888126013130535	-6.55714528849384	5.48475716266629e-11	1.84468070008458e-09
ENSG00000168918	INPP5D	37.3001898480717	-4.79040271969187	0.757810387917956	-3.68219117101093	0.000231237903703208	0.00343870464690842
ENSG00000168952	STXBP6	159.286902483393	-3.60572299094984	0.41282462630658	-3.88960078596999	0.000100409262040553	0.00157809097051603
ENSG00000169174	PCSK9	211.326193532534	-7.06842023150894	0.895930868699617	-5.65715548886647	1.53902326266371e-08	3.95023912046858e-07
ENSG00000169213	RAB3B	418.856881897551	-6.11550993251166	0.369772425912745	-11.1298453970789	8.9791104453605e-29	1.12789871435244e-26
ENSG00000169515	CCDC8	293.478065967106	-7.08895607247568	0.358242554142618	-14.2053366179657	8.4893746058863e-46	2.55931491527638e-43
ENSG00000169594	BNC1	14.806386123584	-7.62865601986983	1.30626457904667	-4.30897087018749	1.64015966975081e-05	0.000291484324588834
ENSG00000169604	ANTXR1	2248.48510700223	-3.37780508328506	0.281552928297444	-4.89359173643362	9.90121292222264e-07	2.02431580102803e-05
ENSG00000169851	PCDH7	656.811851841869	-11.9978386216906	1.10647115468686	-9.03578785523796	1.62825240941136e-19	1.12491888335208e-17
ENSG00000169860	P2RY1	183.207167854898	-6.62841968554136	1.22699742223662	-3.77215110778675	0.000161846186250327	0.00245075033261796
ENSG00000169908	TM4SF1	1537.37114281268	-7.6884130717723	1.09205352443108	-5.20891416447356	1.89948955161051e-07	4.25614003449378e-06
ENSG00000169946	ZFPM2	136.862516261109	-7.41974354116691	0.666272243836958	-8.13442791786651	4.13888150739666e-16	2.12466855337907e-14
ENSG00000170153	RNF150	799.817376055203	-9.52892483295946	0.633072332864077	-11.8926770956771	1.29197881325523e-32	1.98354636135046e-30
ENSG00000170271	FAXDC2	370.142606272185	-3.67939169911181	0.398996214157321	-4.20904168892599	2.56456072389642e-05	0.000441567823083349
ENSG00000170390	DCLK2	779.757898610376	-3.09252004103744	0.265157785964949	-4.12026385369601	3.78438765260077e-05	0.00063446846984604
ENSG00000170396	ZNF804A	100.936251686372	-7.37063694394235	0.865846983123234	-6.20275527734669	5.54830825867241e-10	1.64279462923298e-08
ENSG00000170464	DNAJC18	491.737189996033	-2.63070882624435	0.164668897925011	-3.83016364469486	0.000128058067777802	0.00197152351144265
ENSG00000170561	IRX2	479.830263660953	-12.1628281213311	1.19027971583156	-8.53818475284287	1.36346794525198e-17	8.07416500007965e-16
ENSG00000170571	EMB	124.23232419738	-10.962017195933	1.19602797048407	-7.49315017466173	6.7239890375805e-14	2.99705543634737e-12
ENSG00000170624	SGCD	68.1119393534412	-10.6805753072139	1.22188694287195	-7.10423771843486	1.20988451469124e-12	4.90491323669815e-11
ENSG00000170775	GPR37	32.106694484019	-5.58912974450397	0.686688201630975	-5.22672405901152	1.72539702671466e-07	3.89235484353141e-06
ENSG00000170801	HTRA3	245.967374623961	-5.53210155440145	0.473970290504605	-7.45215813134838	9.18255680463102e-14	4.06015931673565e-12
ENSG00000170891	CYTL1	249.504823554307	-8.04598136562403	0.658092738600498	-9.18712669354388	4.03474436262575e-20	2.92140158413527e-18
ENSG00000171189	GRIK1	201.593779787607	-7.92816584240441	0.476298709825978	-12.4463193372293	1.46444322102027e-35	2.55599295239338e-33
ENSG00000171243	SOSTDC1	25.784753993908	-7.94993369537563	1.35251360448769	-4.39916735449724	1.08667004640402e-05	0.000197566623239309
ENSG00000171791	BCL2	306.961371340291	-2.98726731864139	0.235629079037415	-4.18992139117357	2.79051109514387e-05	0.000477004788335881
ENSG00000171798	KNDC1	15.2404444902561	-4.82735144082904	0.820827975624191	-3.44451154784168	0.00057209219741336	0.00806620809975419
ENSG00000171914	TLN2	1769.74095025291	-3.79874411017748	0.157294787457433	-11.4354972548868	2.77939803725866e-30	3.80869412031287e-28
ENSG00000171951	SCG2	12502.5519364229	-3.60005620015464	0.232612139167263	-6.87864445029717	6.04247605042421e-12	2.26674876452679e-10
ENSG00000172031	EPHX4	85.5327066074827	-5.25250995412981	0.778282604695022	-4.17908602159281	2.9268297214209e-05	0.000497231184537704
ENSG00000172159	FRMD3	106.929129590815	-4.21346106147506	0.520499765804688	-4.25256879424925	2.11332264871555e-05	0.000368464803768165
ENSG00000172164	SNTB1	102.646585870647	-6.35389610412108	0.777881256543471	-5.5971217554048	2.17939656160565e-08	5.50862414450965e-07
ENSG00000172247	C1QTNF4	47.1911298155789	-10.2487315437724	1.3312019363249	-6.19645398544491	5.77494022168568e-10	1.70340263567934e-08
ENSG00000172260	NEGR1	141.360594356266	-3.74228662217889	0.43501029480065	-4.00516181571592	6.19750413938402e-05	0.00100943827244722
ENSG00000172346	CSDC2	252.187924150071	-6.661272696284	0.385486934730744	-12.0919083795663	1.16547646128216e-33	1.89458482397249e-31
ENSG00000172403	SYNPO2	264.665068459609	-4.42043373628918	0.398118625959887	-6.07967971971512	1.20422840791937e-09	3.41906014241628e-08
ENSG00000172572	PDE3A	280.968982293497	-7.2709535581291	0.388176196891125	-13.5787655202555	5.35208902216333e-42	1.34459072843167e-39
ENSG00000172935	MRGPRF	469.011602325417	-5.43311534807418	0.341011556790862	-10.0674457498802	7.69505349397176e-24	6.97222305921015e-22
ENSG00000172985	SH3RF3	302.79025054432	-4.47654886312615	0.324138249819396	-7.64040919115854	2.16532469523119e-14	1.00288404390023e-12
ENSG00000173406	DAB1	162.528526304469	-10.4899594589347	1.26742354647435	-6.69859691541285	2.10430146129869e-11	7.40794533541266e-10
ENSG00000173482	PTPRM	226.146056675661	-5.6977391113823	0.349142873143462	-10.5909053164689	3.2840024403909e-26	3.42465688453595e-24
ENSG00000173530	TNFRSF10D	270.167290210911	-11.8548490781147	1.20250426082936	-8.1952716502791	2.50027853060571e-16	1.3119341239232e-14
ENSG00000173546	CSPG4	1322.57976461996	-4.10146258413002	0.212310896657336	-9.89804394035283	4.24496195020147e-23	3.6659226091818e-21
ENSG00000173801	JUP	847.571705554443	-4.67026444555224	0.231488153390609	-11.5352099294968	8.76730326562992e-31	1.23195470718144e-28
ENSG00000173805	HAP1	286.204715575047	-5.14995170894202	0.414564297081495	-7.59822235324524	3.00226162249863e-14	1.3713636353347e-12
ENSG00000174136	RGMB	4631.67448897332	-2.84824050771764	0.238559546662296	-3.55567622250057	0.000377008142556141	0.00544053264727883
ENSG00000174332	GLIS1	14.0647334077388	-5.11423503046696	0.862566235881794	-3.61043001791427	0.000305689775080105	0.0044815580553521
ENSG00000174460	ZCCHC12	33.7830276892212	-6.37487742970853	1.25898581877115	-3.47492192880988	0.000511002047685785	0.00726043269295458
ENSG00000174469	CNTNAP2	176.946862623206	-9.0558928015196	0.778569569756409	-9.06263624421793	1.27335098628869e-19	8.8340722609426e-18
ENSG00000174599	TRAM1L1	34.2858937806614	-8.70468971011733	1.21814486814626	-5.50401671052502	3.71234338014725e-08	9.20095150765644e-07
ENSG00000174640	SLCO2A1	862.541836247916	-3.50752301866844	0.230265482263188	-6.54689102270822	5.87471990466924e-11	1.95993422010706e-09
ENSG00000174672	BRSK2	300.182013491943	-4.6256374269699	0.435944479778346	-6.02287114245578	1.71349860806443e-09	4.79924331424262e-08
ENSG00000174721	FGFBP3	1351.76304049024	-6.90854658700372	0.386559461845545	-12.6980376151419	6.06310108679689e-37	1.15554343816298e-34
ENSG00000174776	WDR49	35.0747627670258	-4.19082557033216	0.591875460227779	-3.70149755742371	0.000214330720020132	0.00320163753932776
ENSG00000174807	CD248	429.737804930835	-8.17925634303236	0.397615608230578	-15.5407791221541	1.83736011368138e-54	7.25363524879787e-52
ENSG00000175265	GOLGA8A	339.874383296545	-3.830867308495	0.193106170662493	-9.48114346741905	2.5151165114146e-21	2.02442460561969e-19
ENSG00000175274	TP53I11	1475.92694802474	-7.59085274141826	0.275251133697328	-20.3118245738674	1.01078860896695e-91	1.6759885925281e-88
ENSG00000175928	LRRN1	610.949898338149	-4.17754850763861	0.334256520441457	-6.51460293059563	7.28821911412355e-11	2.40729006237615e-09
ENSG00000176641	RNF152	187.110675387422	-8.27971708470914	0.672449416863133	-9.33857168618423	9.76423772482016e-21	7.49540859792792e-19
ENSG00000176771	NCKAP5	37.6282658999176	-5.84603833039001	0.951954044682567	-4.04015125716756	5.34167400380844e-05	0.000877802741894428
ENSG00000176788	BASP1	144.55378734996	-6.83623374687023	0.529624219056544	-9.13144371585828	6.75918050859438e-20	4.81004171729628e-18
ENSG00000176887	SOX11	1374.50959082221	-11.8616778348176	1.20401289225628	-8.19067461672863	2.59765992710496e-16	1.35873183758131e-14
ENSG00000177363	LRRN4CL	216.536551232649	-5.19991669244122	0.549023223906503	-5.82838130174646	5.59675835491996e-09	1.501615700371e-07
ENSG00000177374	HIC1	604.305665738357	-3.38437168265214	0.27610745784547	-5.0138873229094	5.33412308663972e-07	1.12239968146667e-05
ENSG00000177459	ERICH5	62.3761360566112	-7.15250584638649	0.725089600670558	-7.10602640228392	1.19431576575484e-12	4.85366414509339e-11
ENSG00000177875	CCDC184	36.1849278972576	-4.10899198014927	0.520466735485524	-4.05211675666816	5.07563230100532e-05	0.000836571164840647
ENSG00000178184	PARD6G	181.191991538995	-3.44509845046125	0.213180862884748	-6.77874379016147	1.2122528418509e-11	4.42739303320041e-10
ENSG00000178235	SLITRK1	66.4464560303032	-10.7899105626549	1.86468383207925	-4.71388790498258	2.43034395174023e-06	4.72975740185502e-05
ENSG00000178445	GLDC	982.089053424634	-4.73634178466811	0.245453742248239	-11.1480956028803	7.31552869583876e-29	9.33067548505403e-27
ENSG00000178568	ERBB4	338.648494351271	-13.0947904101837	1.19752355948872	-9.26477840228924	1.95482821063484e-20	1.44700922145252e-18
ENSG00000178662	CSRNP3	103.734366308171	-10.5184677394963	1.21159955769271	-7.03076167815574	2.05409095835234e-12	8.08999576732545e-11
ENSG00000179104	TMTC2	483.359578791435	-3.59182273429019	0.350460497836363	-4.54208889195109	5.5699543839714e-06	0.000104356399593932
ENSG00000179241	LDLRAD3	1177.69327198927	-4.02957441248269	0.162808610807443	-12.4660139437165	1.1440727188984e-35	2.06194236435374e-33
ENSG00000179314	WSCD1	420.059537847808	-8.48371788110736	0.887492036885323	-7.30566316275034	2.75902552311243e-13	1.17001028641246e-11
ENSG00000179431	FJX1	800.077934301081	-3.27323751687379	0.219892845508924	-5.790263498237	7.02760874232293e-09	1.87038171037651e-07
ENSG00000179776	CDH5	347.162857443234	-8.00658406095273	0.5101745085828	-11.7735871939942	5.34043368891316e-32	7.9774532428711e-30
ENSG00000179841	AKAP5	297.104559653015	-3.49312385076964	0.33272077243943	-4.48761837087119	7.20237961590291e-06	0.00013373197806415
ENSG00000179855	GIPC3	40.183087649567	-5.11045960501071	0.593752542099007	-5.23864637954182	1.61758647331155e-07	3.66409854016104e-06
ENSG00000180176	TH	11.6001052332161	-7.93702884823992	1.49400640256888	-3.97389786150277	7.07058933674398e-05	0.00113933373948058
ENSG00000180190	TDRP	294.439556915433	-4.58471420182636	0.294305744251524	-8.78241166647898	1.60006222486197e-18	1.016499300783e-16
ENSG00000180263	FGD6	244.614168407415	-2.65742312186596	0.171178238899719	-3.84057650138054	0.000122745712305729	0.00189325270301515
ENSG00000180616	SSTR2	95.396466580992	-4.73297069336018	0.39570120714314	-6.90665240344228	4.96223798377818e-12	1.88713000020702e-10
ENSG00000180815	MAP3K15	49.7930508430374	-4.48533409560707	0.464966765790331	-5.34518653474642	9.03239860451285e-08	2.12133429548764e-06
ENSG00000181007	ZFP82	129.969495141666	-8.20494232723738	1.03775778239527	-5.97918168622704	2.24261321174737e-09	6.22860463383302e-08
ENSG00000181085	MAPK15	42.5474234206638	-7.37931567590285	1.24105597392104	-4.33446660661666	1.46113964927552e-05	0.000260507059404703
ENSG00000181104	F2R	2651.39336442252	-2.98117348997641	0.229364726553479	-4.27778719387195	1.88760343146404e-05	0.000331550344248996
ENSG00000181444	ZNF467	58.715402065381	-4.25135246841805	0.577600467488901	-3.89776773936096	9.70834607017007e-05	0.00152871876723162
ENSG00000181449	SOX2	5446.86474782994	-3.07948618523876	0.159283366038706	-6.77714322647129	1.22575360535786e-11	4.46686165504148e-10
ENSG00000181541	MAB21L2	9.38776197868488	-6.66548448335659	1.30997496268027	-3.56150660605817	0.000368732829036963	0.00533443293048898
ENSG00000181690	PLAG1	530.604666006757	-2.97552515109275	0.175320469942949	-5.56423988260009	2.63297548349076e-08	6.60474530888959e-07
ENSG00000181790	ADGRB1	270.620389130173	-7.11738918329292	1.21994990887983	-4.19475352720977	2.73168461087381e-05	0.000467913869141514
ENSG00000181804	SLC9A9	44.7207101722593	-6.39115007976871	1.0935785319417	-4.01539528393266	5.93462445706521e-05	0.000968523701994077
ENSG00000182013	PNMA8A	773.864393139271	-4.83728359726503	0.174129927016619	-16.2940606814487	1.08761803755286e-59	5.81735312279484e-57
ENSG00000182175	RGMA	2754.60215678415	-6.92538806670402	0.225756364547856	-21.8172722464262	1.59068917429114e-105	4.39586953315357e-102
ENSG00000182253	SYNM	2627.86229220746	-2.91591051041923	0.177694304138905	-5.15441682195539	2.54421458490429e-07	5.59491008385915e-06
ENSG00000182256	GABRG3	91.2142642043341	-9.30603800515338	1.08445269975486	-6.73707392383727	1.61607971862666e-11	5.81262859317758e-10
ENSG00000182492	BGN	440.225705157193	-4.63792372456962	0.420295172298892	-6.27635980242397	3.46591616252029e-10	1.0583490955939e-08
ENSG00000182568	SATB1	596.109414183826	-4.57529186403016	0.294073041240073	-8.75732047103144	1.99946578126287e-18	1.26538710378319e-16
ENSG00000182580	EPHB3	989.494689528943	-3.74953867764026	0.307834909347493	-5.68336671545373	1.32068657909477e-08	3.41095080497982e-07
ENSG00000182636	NDN	475.693962189673	-4.23737556788701	0.421775907678297	-5.30465474000837	1.12886449967814e-07	2.61888460393846e-06
ENSG00000182667	NTM	550.8230206507	-4.7918799434433	0.43565537091519	-6.40845982818562	1.46996998913911e-10	4.63375900948964e-09
ENSG00000182871	COL18A1	5018.16935721842	-3.9170258496269	0.186713475397201	-10.2672067216828	9.90305080017048e-25	9.54665612311783e-23
ENSG00000182983	ZNF662	30.4319163099279	-6.23491736046835	0.887100695631088	-4.7738857396066	1.80704930735344e-06	3.56698625776517e-05
ENSG00000183023	SLC8A1	505.433550973019	-6.8873794546854	0.317627641358926	-15.3871351806014	1.99679289172448e-53	7.52473248583718e-51
ENSG00000183044	ABAT	718.69523547515	-5.15361973264807	0.381595520423967	-8.26429966773267	1.40517222525356e-16	7.61410479311417e-15
ENSG00000183160	TMEM119	132.819327222724	-5.48099528706815	0.434787387865779	-8.00620115536274	1.1830615332987e-15	5.9085371336222e-14
ENSG00000183248	PRR36	330.563283020284	-4.0889688013138	0.351488772298378	-5.94320207628278	2.79507515790232e-09	7.69852843740504e-08
ENSG00000183798	EMILIN3	104.449025592757	-11.3664172643179	1.27339454100498	-7.35547150761762	1.90254336945927e-13	8.21512281484483e-12
ENSG00000183831	ANKRD45	20.9136310251042	-6.29648237529056	1.2384845881959	-3.46914480506313	0.000522117957362404	0.00740567823013347
ENSG00000183873	SCN5A	44.6710814513858	-3.44184439029691	0.421785129365478	-3.41843343900243	0.000629827204783661	0.0088127973692134
ENSG00000183943	PRKX	594.249986738336	-4.71097127523856	0.197303986211813	-13.7400735144207	5.8416447527737e-43	1.5134423694647e-40
ENSG00000184058	TBX1	154.878360041624	-4.95493339029344	0.504361628935593	-5.85875931230047	4.66337995710543e-09	1.25934044085937e-07
ENSG00000184226	PCDH9	2701.85391762575	-6.1727820739895	0.263549456173781	-15.8330134107278	1.84184860898405e-56	8.0367609962012e-54
ENSG00000184304	PRKD1	705.885144589913	-3.05879467720536	0.256145721772796	-4.13356377720229	3.57181119395206e-05	0.000600651129887617
ENSG00000184349	EFNA5	365.388962308186	-4.01938436347102	0.165592940747803	-12.1948698679525	3.31032404116546e-34	5.48884829265644e-32
ENSG00000184408	KCND2	69.1693408645313	-10.8234817937832	1.25783136926236	-7.01483681310764	2.30217495637721e-12	9.02419927935946e-11
ENSG00000184564	SLITRK6	58.155885753073	-6.8028095670976	1.03931560031902	-4.62112717794612	3.8166070850573e-06	7.19944961061833e-05
ENSG00000184613	NELL2	130.007405839771	-9.4456849256541	1.31317233378504	-5.66999831940789	1.42798920330776e-08	3.67092852403814e-07
ENSG00000184905	TCEAL2	46.0089034839238	-6.08806864134098	1.07516200580129	-3.80228153458068	0.000143369673193803	0.00219705411388766
ENSG00000185070	FLRT2	799.535245147938	-4.52794775752939	0.449364888236748	-5.6256014292722	1.84862742887449e-08	4.69404156174087e-07
ENSG00000185112	FAM43A	425.017698747321	-6.02217387333828	0.449151077923793	-8.9550578213701	3.39557621743817e-19	2.28870118948546e-17
ENSG00000185274	GALNT17	612.46197226805	-3.29985112239111	0.245043018060355	-5.30458338572597	1.12930612859055e-07	2.61888460393846e-06
ENSG00000185345	PRKN	76.4456208480976	-4.14693747210629	0.539355023177314	-3.98056452586422	6.87517986567092e-05	0.00111325544289736
ENSG00000185499	MUC1	237.680143645378	-3.01660043642105	0.210769978180645	-4.82326963828666	1.41223850984216e-06	2.82464737414871e-05
ENSG00000185532	PRKG1	168.825659311816	-6.90780443863684	0.367981617191079	-13.3370913365175	1.40848661636188e-40	3.43442890969063e-38
ENSG00000185551	NR2F2	1237.44780944249	-14.2527841551113	1.18202118161742	-10.3659598877451	3.54184306908316e-25	3.53778915231735e-23
ENSG00000185565	LSAMP	2294.33815023684	-4.13831913847921	0.27149389277034	-7.8761224300837	3.37697352576968e-15	1.64687053031727e-13
ENSG00000185585	OLFML2A	2419.46058263433	-3.46362438671542	0.349670203319045	-4.18572807411899	2.8425348435182e-05	0.000484399488595841
ENSG00000185630	PBX1	2392.83410590349	-5.25050093506325	0.322594301974787	-10.0761263145847	7.0448952048307e-24	6.41820919732405e-22
ENSG00000185760	KCNQ5	364.695089201398	-12.5456625711029	1.2075148234011	-8.7333607561022	2.47215008729734e-18	1.5526788105105e-16
ENSG00000185842	DNAH14	115.11693423348	-7.33848665186373	0.847798103438125	-6.29688439997006	3.03687582290409e-10	9.29048671947836e-09
ENSG00000185885	IFITM1	934.318002967052	-8.97328391430809	1.01727886577243	-6.85484005313846	7.1392352272558e-12	2.65416276464413e-10
ENSG00000185985	SLITRK2	128.198731559518	-7.03383718528441	1.26595969357154	-3.97630130788989	6.99954294825615e-05	0.00112956670920871
ENSG00000186297	GABRA5	7.58789531745354	-6.60259584416469	1.31447689309875	-3.50146576811596	0.000462706409119488	0.0065968486411094
ENSG00000186310	NAP1L3	57.6681131118811	-6.17909270537109	1.0475717223165	-3.98931415992201	6.62646113310717e-05	0.0010740308118089
ENSG00000186469	GNG2	2006.77049677448	-6.41445825464537	0.496825519094495	-8.88532912458095	6.37318127388414e-19	4.21010831483159e-17
ENSG00000186493	C5orf38	87.362638411415	-8.85490568770819	1.19983821809196	-5.71319164896181	1.10876688696946e-08	2.89975768972249e-07
ENSG00000186684	CYP27C1	21.3153167283459	-6.60219396899146	1.05929946893328	-4.34456365169887	1.39552776159904e-05	0.000249614302212229
ENSG00000186867	QRFPR	180.748678617284	-4.62629536211343	0.763297409035765	-3.44072353845809	0.000580160985473229	0.00815224516960306
ENSG00000187323	DCC	127.666023254794	-6.73287238452666	0.975130303949942	-4.85357942969806	1.2125274391073e-06	2.44585370654965e-05
ENSG00000187550	SBK2	13.0508593342962	-8.15742356047306	1.30470139238747	-4.7194121171325	2.36527202666384e-06	4.61938462592615e-05
ENSG00000187664	HAPLN4	53.7182654485751	-6.64181757682838	0.932061632515977	-4.98016162761513	6.35311918309531e-07	1.31841137890993e-05
ENSG00000187688	TRPV2	170.386395638134	-5.52361113141027	0.42591212547634	-8.27309419159989	1.30526499858769e-16	7.1233767566764e-15
ENSG00000187720	THSD4	1362.63959945759	-3.44290142657997	0.180841308463375	-7.9788265128163	1.47731042952057e-15	7.29026316425017e-14
ENSG00000187764	SEMA4D	557.970081326392	-4.99387440178687	0.305362604334492	-9.80432560925962	1.07865098188767e-22	9.21912986117502e-21
ENSG00000187772	LIN28B	4.82508709782741	-6.61170064807078	1.33609967636902	-3.45161422432458	0.000557243833805974	0.00786354043262712
ENSG00000187957	DNER	659.705987239566	-6.94309193708461	0.480218115307229	-10.2934307963834	7.54395257425171e-25	7.40155488956613e-23
ENSG00000187987	ZSCAN23	79.0020781698416	-3.23596997626028	0.291207414140923	-4.24429432851651	2.19282381871619e-05	0.000381523732824063
ENSG00000188070	C11orf95	725.141380971233	-3.05644263092284	0.294460487184883	-3.58772289288351	0.00033357853669464	0.0048688958775826
ENSG00000188316	ENO4	31.7398470199023	-3.55995880377377	0.444477917755683	-3.50964297990442	0.000448708739233708	0.00640830284688554
ENSG00000188322	SBK1	153.551229614437	-3.64880794186723	0.300219678935863	-5.49200488026461	3.97396408529623e-08	9.79083187196089e-07
ENSG00000189129	PLAC9	24.2154224596171	-4.24616733513354	0.575463194631262	-3.90323370128443	9.49159728878918e-05	0.00149743267978509
ENSG00000189184	PCDH18	1640.59470149853	-5.95014677584342	0.421922031558624	-9.36226714981241	7.80437694015663e-21	6.0469333665765e-19
ENSG00000189292	ALKAL2	31.9468543331182	-7.83623117675188	1.11007523525039	-5.25750957360602	1.46019295307164e-07	3.31663826779191e-06
ENSG00000196104	SPOCK3	24.3440307508293	-9.34363559648049	1.31148634550968	-5.59947545136397	2.15001375747272e-08	5.44265314697025e-07
ENSG00000196159	FAT4	1091.74893199658	-6.09331898161638	0.253126518528987	-16.1710397053781	8.07244507602034e-59	3.93674152369098e-56
ENSG00000196220	SRGAP3	528.014334505743	-6.15291665101332	0.469165394116843	-8.85171136466868	8.6187361195135e-19	5.62627022038005e-17
ENSG00000196338	NLGN3	206.64258019859	-5.1696355970283	0.553216766004872	-5.72946409400829	1.00748411146436e-08	2.65581781433873e-07
ENSG00000196376	SLC35F1	892.268483131293	-7.79514626924735	0.287633391076105	-20.1476826023791	2.82009938049592e-90	3.89667231900024e-87
ENSG00000196549	MME	89.626662169562	-9.72708205059715	1.24706548298217	-6.19621195201311	5.78382295330481e-10	1.70340263567934e-08
ENSG00000196557	CACNA1H	171.624120772569	-5.74898063650767	1.09921951533921	-3.41058413191541	0.000648238814431554	0.00904751496808888
ENSG00000196569	LAMA2	1287.33808493746	-8.19063136809635	0.269373151785169	-22.9816198350514	7.11823743101569e-117	2.95068737109178e-113
ENSG00000196611	MMP1	35.0898952270407	-3.85561353726308	0.539254271428699	-3.44107341486016	0.000579411300731753	0.00814861643548193
ENSG00000196636	SDHAF3	234.97026291998	-4.88062173478782	0.52391745422128	-5.49823586058878	3.83609613361756e-08	9.48601108056175e-07
ENSG00000196666	FAM180B	14.8571954761604	-6.15069582956419	1.03699053801673	-4.00263616435931	6.26405946318823e-05	0.00101827813685416
ENSG00000196767	POU3F4	51.7115415043549	-9.33211022030969	1.1965838919563	-6.12753545288197	8.92507166238708e-10	2.57816399362439e-08
ENSG00000196782	MAML3	394.630386167513	-4.99506459693739	0.36448641164264	-8.21721880779989	2.08276853351447e-16	1.10100711873262e-14
ENSG00000196839	ADA	842.147051804705	-3.97959037681305	0.328807436965591	-6.02051582251836	1.73862108671113e-09	4.86139565577694e-08
ENSG00000196872	CRACDL	20.5746029706117	-8.40292342785129	1.23561707777515	-5.18196417241202	2.19561396299225e-07	4.88664095575497e-06
ENSG00000197121	PGAP1	2284.48335068476	-2.65030650273905	0.124031715190897	-5.24306627331699	1.57929780494549e-07	3.58226223034215e-06
ENSG00000197457	STMN3	1032.1238630475	-4.84166635814551	0.245829059641059	-11.5595217355291	6.6075768788759e-31	9.36412241270438e-29
ENSG00000197461	PDGFA	371.095182041779	-3.91680160661448	0.281631073196561	-6.80607286993744	1.00298923264108e-11	3.68748657792057e-10
ENSG00000197467	COL13A1	523.266388494864	-4.67353733909173	0.319620843413568	-8.36471523739882	6.02602868752633e-17	3.37559397526602e-15
ENSG00000197614	MFAP5	4289.83563681964	-4.49241704097554	0.688588602119609	-3.61960252217856	0.00029505589371758	0.00433716469302411
ENSG00000197769	MAP1LC3C	442.637715503657	-8.06480610226268	0.848000673079578	-7.1518883118782	8.55921994945529e-13	3.49557699462853e-11
ENSG00000197977	ELOVL2	91.6940597894782	-6.3671131782139	0.868976496907151	-5.02558261789274	5.01906430284564e-07	1.06284936405471e-05
ENSG00000198028	ZNF560	62.5643304459087	-8.13078686020694	1.22360597700713	-5.01042572152393	5.43097577527634e-07	1.14133091672823e-05
ENSG00000198075	SULT1C4	32.9858740165628	-8.44805668964641	1.24132580032785	-5.1944917989648	2.05279822026233e-07	4.58108308077654e-06
ENSG00000198108	CHSY3	168.558481831833	-3.27600292969975	0.27534034430587	-4.63427520190161	3.58190227941685e-06	6.77985407477292e-05
ENSG00000198113	TOR4A	680.064310838716	-5.93887731254882	0.277233827976179	-14.2077802745171	8.19831823777855e-46	2.51733916112234e-43
ENSG00000198121	LPAR1	663.9291856218	-11.7826217310247	1.02981604462124	-9.49938756743944	2.11128310529367e-21	1.70766756921338e-19
ENSG00000198682	PAPSS2	305.947212289564	-3.48810507246181	0.289755666910218	-5.13572379215244	2.81060197574741e-07	6.1562207873009e-06
ENSG00000198732	SMOC1	2089.23465954015	-4.28926772328747	0.358463595749268	-6.38633253260318	1.69911314740787e-10	5.28574016832456e-09
ENSG00000198795	ZNF521	857.404736719401	-3.55475443978777	0.37098017672683	-4.19093670585156	2.77805156740684e-05	0.000475365046843888
ENSG00000198865	CCDC152	32.4259799622135	-8.91301102319688	1.2070669069643	-5.72711502843091	1.02152907240724e-08	2.68856723009277e-07
ENSG00000203727	SAMD5	13.6196787375282	-6.32582733933778	1.10520784649944	-3.91403965601502	9.07647191541356e-05	0.00143603989341099
ENSG00000204131	NHSL2	310.872579844658	-6.54086511654476	0.308593253436536	-14.7147258275321	5.18559749293165e-49	1.75474269449591e-46
ENSG00000204186	ZDBF2	436.743713298596	-5.78767629795683	0.345398709183698	-10.9660985905491	5.56209073640073e-28	6.58750189287575e-26
ENSG00000204442	FAM155A	238.457547499878	-7.61884454218818	0.480984756609267	-11.6819596982628	1.57619150511673e-31	2.32721927376396e-29
ENSG00000204542	C6orf15	1260.43910385461	-7.0537171808967	1.08129769598995	-4.67375191830953	2.95746543671988e-06	5.67566370442736e-05
ENSG00000204681	GABBR1	956.786396689973	-2.96499653400877	0.207551240714275	-4.64943755907114	3.32841426538709e-06	6.31446646846491e-05
ENSG00000204764	RANBP17	87.7816977806173	-9.72176951880999	1.19789405120611	-6.44612059892547	1.14749366186122e-10	3.66601009774969e-09
ENSG00000204851	PNMA8B	43.3343745152085	-6.65971984170496	1.06923512819163	-4.35799359639992	1.31260223442137e-05	0.000235352601127229
ENSG00000204956	PCDHGA1	44.9654690554145	-3.84921258259949	0.487458988698919	-3.79357571707772	0.000148493322173037	0.0022692790552545
ENSG00000204977	TRIM13	436.776637865821	-11.9630506961239	1.18187142933379	-8.42989385210879	3.45978907511299e-17	1.99190148105724e-15
ENSG00000205571	SMN2	35.6421019178855	-4.47546097299993	0.634554221541364	-3.90110236283183	9.57556474467086e-05	0.0015092437170284
ENSG00000205593	DENND6B	199.737868205687	-3.41660572733791	0.360394795696953	-3.93070528279519	8.46970422270065e-05	0.00134905058325264
ENSG00000205978	NYNRIN	519.745175758206	-10.7242022255399	0.820685178603128	-10.6303884278612	2.15214245954537e-26	2.2729091797275e-24
ENSG00000206190	ATP10A	269.683236408001	-6.59338463300583	0.519364755822023	-8.84423631275415	9.21563987321341e-19	5.99233430344124e-17
ENSG00000206538	VGLL3	99.649965448304	-7.32514168628077	0.782475244493704	-6.80550819179765	1.00693149011887e-11	3.69379005257986e-10
ENSG00000213626	LBH	1404.40027407512	-4.24828849359645	0.322021414565441	-6.98179807895836	2.914257919411e-12	1.13164661737128e-10
ENSG00000217236	SP9	288.198488908261	-4.14886628649207	0.276868256200863	-7.76133138546988	8.40424000378877e-15	4.02747697985033e-13
ENSG00000218336	TENM3	4936.14975421478	-12.2172636068645	0.524339462932876	-19.48597107247	1.44413546429008e-84	1.71037215238528e-81
ENSG00000221866	PLXNA4	700.342915603893	-4.06529577773297	0.335860106603787	-6.14927387065171	7.78384739160658e-10	2.26031477408457e-08
ENSG00000224982	TMEM233	207.028050930424	-8.42054273492061	1.26830062416693	-5.06231930551787	4.14186563290276e-07	8.86145471731106e-06
ENSG00000225968	ELFN1	333.248291395861	-3.67426888590067	0.247674991903311	-6.75994323461724	1.38045815644475e-11	4.97595145478488e-10
ENSG00000236609	ZNF853	496.944795960125	-3.41160951364351	0.22563624993903	-6.25612911943423	3.94650044991277e-10	1.19192939817857e-08
ENSG00000239713	APOBEC3G	183.543373078817	-5.20786664751922	0.616802941652187	-5.20079660924853	1.98436162981662e-07	4.43432617034897e-06
ENSG00000240038	AMY2B	46.1877676241786	-3.72571039344131	0.449259855235232	-3.84122991033269	0.000122419385727852	0.0018899774997705
ENSG00000241935	HOGA1	27.3802639721222	-6.34886628356075	1.25504131076932	-3.46511803734569	0.000529998803100498	0.00751103431983706
ENSG00000242732	RTL5	371.021973206344	-5.02160621843966	0.231925849994363	-13.028328746076	8.44368725733966e-39	1.79493305658909e-36
ENSG00000244694	PTCHD4	102.860210370254	-8.60381882814455	1.06226160027779	-6.21675378872547	5.07545195131692e-10	1.5163255640502e-08
ENSG00000250510	GPR162	327.007704997223	-4.40256936391475	0.308672037507609	-7.78356660782893	7.05080036400331e-15	3.38867596624751e-13
ENSG00000251322	SHANK3	310.946586284914	-4.6202296248508	0.31469225778133	-8.32632376571373	8.33915362537119e-17	4.60905020874266e-15
ENSG00000254122	PCDHGB7	258.514247186056	-6.83280982438726	0.401270541919409	-12.043769276634	2.09174986832388e-33	3.33493313141138e-31
ENSG00000254221	PCDHGB1	87.7500169582545	-3.79385582696575	0.431793811892699	-4.15442689903931	3.26103848228711e-05	0.00055024162193942
ENSG00000254245	PCDHGA3	19.5785078986139	-7.45365135224168	1.21775967464996	-4.47842991172238	7.51940502207164e-06	0.000139306429799966
ENSG00000254535	PABPC4L	45.7247181046556	-7.68393693809201	1.20329662182602	-4.72363740992356	2.31663303259544e-06	4.52972786715388e-05
ENSG00000254585	MAGEL2	65.3660687046632	-9.81436739106523	1.20965004979869	-6.46002320453399	1.04686927388906e-10	3.37706992808452e-09
ENSG00000254726	MEX3A	1036.98124516805	-3.06419134127529	0.235778714309378	-4.51351744958161	6.37612009116642e-06	0.00011905680994553
ENSG00000255690	TRIL	233.831302685293	-10.518617237872	1.19482302360501	-7.12960586595472	1.00656734645357e-12	4.10071085295986e-11
ENSG00000260230	FRRS1L	140.796847063095	-3.8283302095888	0.392973584402675	-4.65255244157921	3.27851323093726e-06	6.22692186508256e-05
ENSG00000272636	DOC2B	41.3521475777534	-7.5165256242944	1.01242017986458	-5.44884992813187	5.06965664912428e-08	1.23436089426035e-06
ENSG00000273079	GRIN2B	279.218904050233	-3.87550782042615	0.274415712793977	-6.83454967403498	8.22630284203564e-12	3.05146146361953e-10
ENSG00000275591	XKR5	30.7898662828694	-7.2879550480544	1.26246803460135	-4.18858529730947	2.80698806900037e-05	0.000479327179939187
ENSG00000276547	PCDHGB5	123.353938902659	-3.3512490343301	0.355895581163374	-3.79675698673483	0.000146601375775072	0.00224243303664804
ENSG00000276644	DACH1	213.757902352302	-9.23579590517205	1.19711659435046	-6.04435352355808	1.50010265244179e-09	4.21579696273514e-08
ENSG00000277531	PNMA8C	66.7586656845899	-8.34238723208723	1.2008544909637	-5.28156182103078	1.28087246592306e-07	2.94157151765516e-06
ENSG00000286169	NA	429.190980741529	-3.28627506120322	0.212087186586758	-6.06484098310695	1.3208426932598e-09	3.73098683082466e-08
ENSG00000286190	AC055839.2	230.331411542844	-5.20475844916908	0.427111629422793	-7.5033275340689	6.22178278451028e-14	2.7957555650397e-12
