EnsembleGeneName	external_gene_name	baseMean	log2FoldChange	lfcSE	stat	pvalue	padj
ENSG00000003096	KLHL13	658.101124514434	5.06570143520919	0.282672758261488	10.8454081463812	2.09697797798851e-27	2.51956462703098e-25
ENSG00000003249	DBNDD1	728.02624826605	2.77812362556833	0.197173786378137	3.94638475966606	7.9340081500009e-05	0.00150379136001285
ENSG00000004468	CD38	160.889574074761	3.21857621429697	0.250358216566842	4.86733062332561	1.13115704089573e-06	2.75010482332728e-05
ENSG00000005073	HOXA11	15.6530613044077	8.50441719483589	1.2609818575327	5.15821631848278	2.49313484351025e-07	6.5305953934034e-06
ENSG00000005471	ABCB4	211.938365473116	6.26649624800623	0.391546805148375	10.896516564321	1.19754613782884e-27	1.46003768465735e-25
ENSG00000006283	CACNA1G	59.7052036572393	4.29253996112966	0.303780607388666	7.54669621881597	4.46438262981781e-14	2.24314934500028e-12
ENSG00000007174	DNAH9	722.926186639913	6.35560368402333	0.942544811758034	4.62111045510851	3.81691478495637e-06	8.72941573094641e-05
ENSG00000007237	GAS7	1437.57119561923	8.00766809688224	0.659378783120076	9.11110313324748	8.15485165027583e-20	6.11835272458025e-18
ENSG00000010404	IDS	795.536286354291	2.51023636927583	0.143097805853062	3.56564774864375	0.000362958610823367	0.00615989429484365
ENSG00000013293	SLC7A14	167.651496016571	6.46640476220145	0.446594821842746	10.0010222773567	1.50831871882674e-23	1.47114309863919e-21
ENSG00000014257	ACP3	83.2296860561302	10.6647136730577	1.25389695342578	6.91022786951094	4.83875817764605e-12	2.10029972103532e-10
ENSG00000017427	IGF1	83.6488911903925	4.23748495341579	0.304771391596345	7.34151897163377	2.11183211601434e-13	1.0268706250919e-11
ENSG00000017483	SLC38A5	265.090411723312	3.27251045285995	0.304457401357775	4.1796009792667	2.92021030191183e-05	0.000589051180243309
ENSG00000018236	CNTN1	979.813646293778	7.5015722814888	0.944531371885909	5.82465807409237	5.72296474954605e-09	1.83544445865035e-07
ENSG00000020633	RUNX3	24.5900484967764	8.72508653937008	1.2702935892146	5.29411987627841	1.19590968019712e-07	3.26141092226126e-06
ENSG00000023909	GCLM	2184.44104018051	2.68266991077371	0.186981735112249	3.65099783871345	0.000261223438484923	0.00457375484004067
ENSG00000027075	PRKCH	11.7812597632098	5.50008897294117	0.982185474722899	3.5635723221509	0.000365841838381043	0.00619614251501131
ENSG00000037965	HOXC8	53.6931537155845	4.57148309226917	0.672682518162289	3.82272918180518	0.000131982711604021	0.00240748662387928
ENSG00000041353	RAB27B	537.790838081154	4.9763154317534	0.275486593779292	10.8038485318741	3.30072153708513e-27	3.90923312902918e-25
ENSG00000041982	TNC	25153.2245270557	3.73214807715671	0.271159324869876	6.38793476118858	1.68141037521644e-10	6.36517475604196e-09
ENSG00000042062	RIPOR3	460.413950793103	6.39084787765175	0.313395799984331	14.0105511237588	1.34358255399414e-44	3.48092848871512e-42
ENSG00000047597	XK	24.2425872780111	6.96593206899273	1.22899420073424	4.04064727565509	5.3303878226196e-05	0.00103858002922275
ENSG00000050344	NFE2L3	965.601650784913	2.97530273682697	0.23616946012781	4.1296733976491	3.63278930076529e-05	0.000725726257783004
ENSG00000053747	LAMA3	361.352367922755	10.5060463516173	1.18852723861612	7.15679546521916	8.25847718842191e-13	3.82496676707329e-11
ENSG00000054967	RELT	488.232898853814	2.95176709147731	0.265205332203108	3.58879319495882	0.000332212235104356	0.00567877429924261
ENSG00000055732	MCOLN3	77.1848335080418	9.75269974638993	1.20524582541863	6.43246347167152	1.25552210952652e-10	4.78570393058831e-09
ENSG00000055813	CCDC85A	22.6458064504843	8.26417233126385	1.23552850289429	5.07003465852039	3.97743264648025e-07	1.01305392797679e-05
ENSG00000056291	NPFFR2	19.4916079722521	9.02635031917814	1.26055886753964	5.57399618543178	2.4896118761783e-08	7.34524101760007e-07
ENSG00000056558	TRAF1	276.001962757953	5.13875468690105	0.452671179232408	6.93385139346273	4.09534865924634e-12	1.79642793965512e-10
ENSG00000058866	DGKG	187.148569685752	5.13562711877473	0.505628817339954	6.20144068384164	5.59486072994384e-10	1.97800396083579e-08
ENSG00000060558	GNA15	26.5197371302066	9.23839554686995	1.21469750433285	5.95901079984972	2.53769329670726e-09	8.39870110832398e-08
ENSG00000060656	PTPRU	229.451422920885	3.39923843289064	0.353123654170203	3.96246022141643	7.41813696544991e-05	0.00141542150775748
ENSG00000063015	SEZ6	363.75838112231	3.93427814697316	0.502377328424348	3.85024967794589	0.000117997474713748	0.00216908661666148
ENSG00000068615	REEP1	76.7782502354954	6.21705038643096	0.822400471611758	5.12773342428452	2.9325127281312e-07	7.58564641889912e-06
ENSG00000069011	PITX1	928.289978114419	9.68184293388129	0.665238216196457	11.5475069634495	7.59928937745702e-31	1.10529664182118e-28
ENSG00000069482	GAL	88.9312714872711	4.96927896639592	0.426348614938537	6.96443910536446	3.29714716335723e-12	1.46962357837705e-10
ENSG00000072201	LNX1	225.078726427944	3.20846799344159	0.24003192922682	5.03461350885383	4.7881389188712e-07	1.20840382669411e-05
ENSG00000073849	ST6GAL1	299.441598801487	5.64836485644455	0.350868951551494	10.3980840718792	2.52968287911855e-25	2.68876101401697e-23
ENSG00000075340	ADD2	995.712049406286	6.08375113122637	1.03871142327606	3.93155503994205	8.43981680155264e-05	0.0015884290849778
ENSG00000076554	TPD52	695.404092622667	4.02876010326508	0.426528206319326	4.7564500382566	1.97026972509168e-06	4.62079806389605e-05
ENSG00000078399	HOXA9	19.3404386270677	8.66595866863747	1.22380401516885	5.44691681512235	5.12504165489764e-08	1.45510814520304e-06
ENSG00000080493	SLC4A4	127.459837725602	5.23671621713523	0.55587256232994	5.8227666491912	5.7881346045972e-09	1.85276177372251e-07
ENSG00000082126	MPP4	153.379231178703	6.52335483636207	0.937359887303146	4.82563303340844	1.39559270472563e-06	3.34881659002253e-05
ENSG00000082482	KCNK2	160.298373837494	7.63364819291019	0.672905077820827	8.37212911389301	5.65863943856778e-17	3.39948914967001e-15
ENSG00000084628	NKAIN1	82.0818475148469	4.31545235373933	0.389588275556219	5.94333171457364	2.79286457391416e-09	9.18819196429974e-08
ENSG00000085662	AKR1B1	4288.69374204789	3.28609315546464	0.143896989419513	8.93759598899741	3.97728170784353e-19	2.79437745753193e-17
ENSG00000086300	SNX10	92.9872509559435	8.91042162148089	1.21361701224276	5.69407115405415	1.24045348805621e-08	3.8230407593792e-07
ENSG00000089041	P2RX7	253.036242671828	6.79983244885708	0.387741687295251	12.3789435238161	3.39786058905925e-35	5.86874233616578e-33
ENSG00000089199	CHGB	78.683945885897	3.60121515439028	0.374221068748001	4.27879477696787	1.87908014113528e-05	0.000387525221643832
ENSG00000089472	HEPH	27.6366361535825	3.45230612905183	0.385126698436167	3.77098273100519	0.000162605926701346	0.00293380725857999
ENSG00000090539	CHRD	134.981674645727	3.0705600315363	0.208929134948354	5.12403419370367	2.99066710499366e-07	7.72402667724297e-06
ENSG00000091490	SEL1L3	2822.01180702006	5.119936912622	0.214321740737981	14.5572581758576	5.25224767857529e-48	1.64316073129164e-45
ENSG00000091651	ORC6	909.595169299054	3.36675589634675	0.291546491216178	4.68795179336704	2.75952998148566e-06	6.41735857265269e-05
ENSG00000091879	ANGPT2	62.8440519111722	5.64782685374846	0.479575503541683	7.60636610254094	2.81910002672245e-14	1.44716710659706e-12
ENSG00000092068	SLC7A8	146.901685516563	5.32215689233066	0.47257003893527	7.0299778204638	2.06566371541091e-12	9.33263489515758e-11
ENSG00000095303	PTGS1	68.7177460813065	5.21303676821348	0.529336622334932	6.06993099030368	1.27965225974489e-09	4.38386655347726e-08
ENSG00000099139	PCSK5	484.156712454818	6.32413124233022	0.262947118426316	16.4448702393441	9.12796656198926e-61	5.60558568756829e-58
ENSG00000099954	CECR2	299.170175243769	3.00407494785156	0.171071859852946	5.86931683980446	4.37594477842425e-09	1.41991272741786e-07
ENSG00000100336	APOL4	66.6299524589007	3.7059979382645	0.321588814828952	5.30490446059788	1.12732023411009e-07	3.08450442273589e-06
ENSG00000100427	MLC1	941.82349562723	5.32280247846383	0.93092610782256	3.5693514775688	0.000357866033697022	0.00607968924664992
ENSG00000100628	ASB2	10.8830295937737	6.75104190774311	1.26594442332006	3.75296246835469	0.000174757027690807	0.00313937841402088
ENSG00000101160	CTSZ	1148.21434696323	9.74773840356881	0.492885570722786	15.719142258937	1.11827344567854e-55	5.01137621697186e-53
ENSG00000101463	SYNDIG1	135.534806560591	3.69449106634641	0.396205298100131	4.27680062450393	1.8959846354864e-05	0.000390525729701863
ENSG00000101844	ATG4A	531.612535454153	2.9395313315623	0.216583338098671	4.3379668067276	1.4380686663389e-05	0.000302213137599053
ENSG00000101888	NXT2	611.827356131142	3.45041888148748	0.238345011146544	6.08537545850165	1.16218634900805e-09	3.99796926408766e-08
ENSG00000101945	SUV39H1	596.82427244918	2.98470174409822	0.220999404485124	4.45567600687586	8.36292514666818e-06	0.00018245481823277
ENSG00000101977	MCF2	23.2004738180038	5.04229882196877	0.563620624868516	5.39777766769712	6.74714046602772e-08	1.90262476304771e-06
ENSG00000102010	BMX	383.067496391446	6.46095803474565	1.21101226680849	3.68366048553917	0.00022990842127744	0.00405543780127792
ENSG00000102048	ASB9	109.126611237268	4.87622288708607	0.732307308275996	3.927617346681	8.57915648283368e-05	0.001612823057164
ENSG00000102271	KLHL4	1608.19634423625	5.33982287361551	0.370686796610316	9.00982420781094	2.06387050958834e-19	1.47455256393989e-17
ENSG00000102287	GABRE	737.821200528409	12.0427026358063	1.03355472064236	9.7166627322496	2.56035588145914e-22	2.30724243861272e-20
ENSG00000102290	PCDH11X	14.7066675199261	8.53036640331081	1.26827808345175	5.14900201187563	2.61876073130721e-07	6.83805853319762e-06
ENSG00000102445	RUBCNL	168.594194012685	4.5083427167394	0.478476274483662	5.24235547404357	1.58539562292233e-07	4.23991045543147e-06
ENSG00000102802	MEDAG	52.0217632881723	5.92553475894039	1.06011537417047	3.70293163799465	0.000213122325690374	0.00377137810274503
ENSG00000103044	HAS3	2633.69745601807	6.22504207991493	0.258759489444135	16.3280662247059	6.23288375605015e-60	3.44491485196892e-57
ENSG00000103241	FOXF1	115.366732499868	7.05533822899142	0.622551953141718	8.12034755248871	4.64850544096232e-16	2.6949954096712e-14
ENSG00000103489	XYLT1	960.370569334597	6.30722167953656	0.298592169152724	14.4250992641857	3.59751951646757e-47	1.08455402004634e-44
ENSG00000103723	AP3B2	35.4265150978462	5.13914649839957	0.503316126534476	6.23692811119284	4.46246932933344e-10	1.59810375701248e-08
ENSG00000104140	RHOV	70.4168525058933	4.37043150816727	0.396776587208745	5.97422223131371	2.311904747096e-09	7.68210272777531e-08
ENSG00000104321	TRPA1	48.6069708391807	8.75670419188962	1.25039371843569	5.40366133664091	6.52941716682949e-08	1.84436569068483e-06
ENSG00000104361	NIPAL2	46.2140619508829	8.99501275249992	1.21506556691214	5.75690147345415	8.56718791667376e-09	2.67518913081672e-07
ENSG00000104369	JPH1	443.314456100459	7.67969637710307	1.03555814149764	5.48467164662434	4.14238103802119e-08	1.19659965141863e-06
ENSG00000104415	CCN4	16.3603355282266	6.85642512782728	1.24501732152836	3.90068880476751	9.59193856409977e-05	0.00178701048686897
ENSG00000104611	SH2D4A	360.108362743859	8.72099253250081	0.856519849889874	7.846861381397	4.26578302272255e-15	2.31146889868505e-13
ENSG00000105835	NAMPT	2226.07780486068	2.71736850420871	0.196445335567237	3.65174618240386	0.000260463248953249	0.00457009643480827
ENSG00000105889	STEAP1B	91.7948604775406	6.78224243728289	0.669468817990872	7.14333858242236	9.10908784111294e-13	4.20718065441486e-11
ENSG00000105976	MET	3759.23453724401	3.01253871384874	0.228344565054728	4.43425799780284	9.23899338915874e-06	0.000199989228962978
ENSG00000105991	HOXA1	31.2951983312135	8.66790424488282	1.21094132640015	5.50638094473573	3.66285473166831e-08	1.06363912969864e-06
ENSG00000105996	HOXA2	123.417716314294	11.0927875572806	1.19186218533919	7.62905952477453	2.36472440610175e-14	1.2176861918501e-12
ENSG00000105997	HOXA3	322.287780261633	12.5335447372994	1.18402690353631	8.89637279848881	5.77015283608897e-19	4.01995395694081e-17
ENSG00000106004	HOXA5	105.291064420291	10.1984157468515	1.1904842925711	6.8866223586582	5.71326214444036e-12	2.47340991167012e-10
ENSG00000106006	HOXA6	32.4170849513534	8.55384411664505	1.21620292939891	5.3887751445264	7.09394937419783e-08	1.99702503520499e-06
ENSG00000106031	HOXA13	18.3935266078078	8.34549867410922	1.33040622437935	4.76959484842268	1.84596811557606e-06	4.35391142594121e-05
ENSG00000106089	STX1A	465.366470949206	2.60468575658081	0.174382813020558	3.46757656965612	0.000525174098855836	0.00877813682775062
ENSG00000106366	SERPINE1	24790.8641180688	3.34752505695712	0.295032745166562	4.56737456785134	4.93871026804215e-06	0.000110960372566947
ENSG00000106538	RARRES2	68.5494793379417	4.10965616378128	0.55939772330642	3.7712991595886	0.000162399837407909	0.0029332807233775
ENSG00000106714	CNTNAP3	295.536117282201	4.0840377593884	0.300126695365879	6.94386001501062	3.81528577165612e-12	1.67801733102998e-10
ENSG00000106927	AMBP	15.5826149018363	4.57665004219729	0.635614678596287	4.05379253966829	5.03939113170403e-05	0.000984194868725378
ENSG00000106991	ENG	1029.82398566327	3.36840876431044	0.154987380548808	8.82916247416354	1.0546243186458e-18	7.25590283297345e-17
ENSG00000107485	GATA3	54.6123585712165	4.67877480810908	0.56380792992735	4.75121875007019	2.02194248035071e-06	4.72860765397674e-05
ENSG00000108511	HOXB6	297.168619171386	9.88488297869059	1.1925714828435	6.61166487051186	3.80021554144699e-11	1.54439641893952e-09
ENSG00000108691	CCL2	4891.85954412041	9.35225804869333	0.406323514955178	18.0945915707201	3.51540253198558e-73	3.23827163238072e-70
ENSG00000109743	BST1	279.938574654551	6.93766817517545	0.363672541453155	13.5772366960827	5.46495965140911e-42	1.29449279971449e-39
ENSG00000109854	HTATIP2	389.771930217693	3.27308205730803	0.201957280775767	6.30371954117133	2.90586111815473e-10	1.06833887361693e-08
ENSG00000109944	JHY	128.052667836312	5.30476343233672	0.386018497363188	8.56115304036172	1.11744254597002e-17	7.18151738555384e-16
ENSG00000110719	TCIRG1	728.493930819786	4.95116025271504	0.257251063300657	11.4719069178965	1.82590689582995e-30	2.50209605287244e-28
ENSG00000110723	EXPH5	93.0097279311741	3.34521157377768	0.324828063179842	4.14130343483563	3.45337748649993e-05	0.000691551353908881
ENSG00000110786	PTPN5	5.60414916895255	6.58187370533577	1.32977063316162	3.44561204095931	0.000569767714853733	0.00940967976094595
ENSG00000110852	CLEC2B	110.582979449122	4.90475460193954	0.3724991861373	7.79801596900368	6.28880531637361e-15	3.38554158931139e-13
ENSG00000111058	ACSS3	704.689766749564	5.74751847298647	0.252862713174274	14.8203680405963	1.08190045816055e-49	3.58779829935203e-47
ENSG00000111321	LTBR	395.26675711595	10.110963078289	1.06965405901837	7.58279091254272	3.38199644923665e-14	1.7148893921955e-12
ENSG00000111371	SLC38A1	7900.77502502219	3.97676656741803	0.207460386617197	9.52840491455138	1.59718353468398e-21	1.3375202115452e-19
ENSG00000111424	VDR	319.361353096219	5.00364227421164	0.486347163011767	6.17592226838788	6.57783461180923e-10	2.29614896207177e-08
ENSG00000111816	FRK	20.2486172722841	6.71994395830248	1.18196981031709	3.99328639116108	6.51637831820961e-05	0.00125491369215138
ENSG00000112182	BACH2	138.762266414003	5.09136503025007	0.423606559434839	7.29772700964418	2.92669677641069e-13	1.41068486190889e-11
ENSG00000112183	RBM24	54.944852835122	3.97540035895041	0.496014662414579	3.98254428474803	6.81814151512634e-05	0.0013069549648822
ENSG00000112246	SIM1	60.3894659948721	8.23139560465156	1.25122962171598	4.98021745689301	6.3512866421307e-07	1.58124149869623e-05
ENSG00000112299	VNN1	8.58547925508977	7.72638311977977	1.33217839453584	4.29851072744275	1.71949580215478e-05	0.000357280199192084
ENSG00000112319	EYA4	1152.62951755624	4.11021817634478	0.298201381829025	7.07648691431848	1.47854708320041e-12	6.73510691938079e-11
ENSG00000112378	PERP	940.11963313545	3.71046948102501	0.30781610246153	5.55679013328674	2.74780807972299e-08	8.06396562298882e-07
ENSG00000112379	ARFGEF3	314.740133325647	4.90308350709242	0.691608139972446	4.19758435348676	2.69777184868137e-05	0.000547512301382935
ENSG00000112852	PCDHB2	149.07388800243	4.76090667298199	0.357896591646757	7.71425807739179	1.216880181561e-14	6.38515515520977e-13
ENSG00000113361	CDH6	1182.6363174293	6.2037569990798	0.326315110297779	12.8825079391625	5.64702557312574e-38	1.11468251223807e-35
ENSG00000114270	COL7A1	1530.62528958419	4.54599142616672	0.148772665937227	17.113301090141	1.18111713487117e-65	9.32576343490426e-63
ENSG00000114279	FGF12	268.348790112923	4.03487263218434	0.400330915175107	5.08297649531831	3.71565696694158e-07	9.49295965621855e-06
ENSG00000114812	VIPR1	171.562447433126	8.03872980304499	0.608335800991277	9.92663886163685	3.18821561046139e-23	3.05571115821158e-21
ENSG00000115008	IL1A	59.5455258377278	5.7565858975058	0.605495978783314	6.2041467311712	5.49944579256558e-10	1.94842544201987e-08
ENSG00000115041	KCNIP3	177.714791564949	3.63724826257184	0.349848803972249	4.67987383115853	2.87051510366315e-06	6.64516877922651e-05
ENSG00000115112	TFCP2L1	52.5463265102916	8.49703988139465	1.25020154348663	5.19679400112989	2.02754828493345e-07	5.36184658891254e-06
ENSG00000115353	TACR1	41.2677205499879	6.73962630722312	1.29800581082944	3.65146771122269	0.000260745885530902	0.00457021937419438
ENSG00000115380	EFEMP1	1778.76579830366	9.33863677270405	0.447083877359787	16.4144518385268	1.50736008593761e-60	8.92626342318984e-58
ENSG00000115756	HPCAL1	1673.88104779062	2.84814660827022	0.168511850593983	5.03315704670388	4.82467558342804e-07	1.21577425302159e-05
ENSG00000115828	QPCT	256.855724168338	5.07626170833713	0.676546989416917	4.54700376538282	5.44150250891796e-06	0.000121434122611533
ENSG00000116016	EPAS1	2565.93625658073	4.86375687448966	0.229206920720553	12.4941989774433	8.03010047692429e-36	1.43168920438583e-33
ENSG00000116711	PLA2G4A	154.349669768531	6.26884703468746	0.425269715581116	10.0379756147325	1.03782127892322e-23	1.02429253725155e-21
ENSG00000117586	TNFSF4	282.844162055169	5.2188921535995	0.409403948924295	7.86238667716107	3.76882483832133e-15	2.05562120540151e-13
ENSG00000117707	PROX1	565.986504069017	3.94316504706155	0.206151020398526	9.42592980284586	4.26311508487048e-21	3.51675180210136e-19
ENSG00000117791	MTARC2	71.1128962211407	8.2105433312049	1.22413674576917	5.07340650680542	3.90756503253372e-07	9.96789781606795e-06
ENSG00000118432	CNR1	1945.10498445373	5.56018209494095	0.376584950252067	9.45386185124483	3.26555107820609e-21	2.72090966973544e-19
ENSG00000118503	TNFAIP3	432.672373904764	3.29469278928948	0.322616112014835	4.01310641679901	5.99248811166985e-05	0.00115805880395802
ENSG00000119138	KLF9	697.882285100882	6.60203479052811	0.565577633913258	8.13687549609488	4.05609450147105e-16	2.36810221580604e-14
ENSG00000119514	GALNT12	95.8744372136391	5.58179680867056	0.424425809855444	8.43915880113533	3.19629595314442e-17	1.97752922384655e-15
ENSG00000119698	PPP4R4	15.05264914986	5.06457052367729	0.809109414242578	3.78758480587708	0.000152118770944898	0.00275960759413278
ENSG00000119771	KLHL29	226.694884206425	3.45884541702017	0.357801974017598	4.07724250551065	4.55729547717275e-05	0.000897440811247046
ENSG00000120068	HOXB8	214.12525416368	10.6448292730745	1.18896712130645	7.27087327997383	3.57170882451759e-13	1.70179609250937e-11
ENSG00000120075	HOXB5	133.258133948953	7.56989473367887	0.883135540779305	6.30695343634776	2.84581399167541e-10	1.0509229798657e-08
ENSG00000120093	HOXB3	2702.85375715868	10.1593843783054	0.528034590671632	15.4523671790651	7.27228597155574e-54	3.01454434235914e-51
ENSG00000120675	DNAJC15	329.803038508237	3.726738387883	0.26278571200103	6.57089905967276	5.00123561977655e-11	2.0078810608115e-09
ENSG00000120708	TGFBI	15529.9196019548	2.79057155328387	0.164064663651269	4.81865830026803	1.44526830946226e-06	3.46300489005691e-05
ENSG00000120833	SOCS2	198.92232247138	4.78463271853338	0.321344858837049	8.66555864192444	4.49304359816566e-18	2.95631571036448e-16
ENSG00000121310	ECHDC2	388.803765716009	3.40143023510466	0.28685591019527	4.88548496055273	1.03174581746043e-06	2.52321200579813e-05
ENSG00000121316	PLBD1	105.722875417716	5.77399163451247	0.566272112004878	6.66462563581087	2.65340835637763e-11	1.0890139593341e-09
ENSG00000121742	GJB6	10.4668565123111	7.95002686553416	1.34023582868403	4.43953723530615	9.01525166940149e-06	0.000195670136178659
ENSG00000121743	GJA3	148.293733622809	5.37951539641771	0.337340705600243	10.0181073327763	1.26909905505637e-23	1.24514387170945e-21
ENSG00000121904	CSMD2	594.647683396415	10.0506396351061	0.662163644279466	12.1580816232615	5.19646748318212e-34	8.61626273386427e-32
ENSG00000121966	CXCR4	285.2774751232	5.01656277777464	0.520533118055305	5.7951409298306	6.82638326602122e-09	2.16421149013189e-07
ENSG00000122547	EEPD1	150.355737984015	4.0663049450255	0.222341335487916	9.29339090498448	1.49449554533965e-20	1.20292381734353e-18
ENSG00000122592	HOXA7	119.20128284455	11.5642960694094	1.20901205149286	7.9108360066383	2.55666136737081e-15	1.41306673774585e-13
ENSG00000123095	BHLHE41	1014.95315531413	5.69236662852163	0.40291976885216	9.16402448815172	4.99971160175385e-20	3.82028654694381e-18
ENSG00000123364	HOXC13	9.68347706492741	6.49023537070384	1.25436266041134	3.57969470267185	0.000343995863728855	0.0058681022803376
ENSG00000123388	HOXC11	5.82587777648216	6.69001040678235	1.29719522245399	3.61550083256548	0.000299767511462661	0.00517754698704415
ENSG00000123496	IL13RA2	497.817827779437	12.7489249521314	1.19492785610036	8.99545934698553	2.35246399410338e-19	1.65983853132886e-17
ENSG00000123610	TNFAIP6	36.9569629169706	5.7682658211325	0.607745184121068	6.20040424768192	5.63183157383993e-10	1.98683828352851e-08
ENSG00000123689	G0S2	32.1583618181485	8.87430540596865	1.32808181669377	5.17611589855364	2.26552753570328e-07	5.95320318058574e-06
ENSG00000124102	PI3	20.8655700068144	8.23314705189165	1.26003127003133	4.94681933706032	7.54359285288439e-07	1.86408812360173e-05
ENSG00000124479	NDP	111.957892342393	9.34531143898485	1.32352878001591	5.54979351404549	2.86007197194789e-08	8.36381893595555e-07
ENSG00000124875	CXCL6	257.151542535033	6.08238042801429	0.735277812517567	5.55216050112591	2.82160340926878e-08	8.26590214294798e-07
ENSG00000125355	TMEM255A	499.668048301447	6.21627859060905	0.48375091852448	8.71580482672652	2.88700303113364e-18	1.9380322777015e-16
ENSG00000125378	BMP4	61.4478570496705	7.94956209883054	1.15115483701152	5.16834217912511	2.3617960455697e-07	6.19635130246697e-06
ENSG00000125434	SLC25A35	170.83814939787	2.86351397855142	0.211947701325052	4.07418421220385	4.61759218598618e-05	0.000907159905637878
ENSG00000125462	MIR9-1HG	135.233773890094	6.12035354045285	1.19859369145937	3.43765662193335	0.000586771269575879	0.00965203811591037
ENSG00000125538	IL1B	77.7650350648356	8.069187025392	1.11062925511553	5.46463817465414	4.63851952434428e-08	1.33488766046651e-06
ENSG00000125835	SNRPB	2892.55677166063	2.73283406708378	0.203708673921215	3.59746128123739	0.000321338311681128	0.00550424643180246
ENSG00000128274	A4GALT	130.526641049328	3.22698259204477	0.332629968146632	3.68873135178211	0.000225375036294141	0.00397970551309174
ENSG00000128340	RAC2	190.113715780526	6.87201360315322	0.423579439724362	11.50200681677	1.28883471446188e-30	1.82651011970021e-28
ENSG00000128487	SPECC1	2092.98067171421	2.82306371167516	0.125020895341077	6.58340919275703	4.59781449731506e-11	1.8503971402908e-09
ENSG00000128578	STRIP2	271.503342972077	3.14544485535185	0.22820468719724	5.01937479645995	5.18399197597587e-07	1.30038987827013e-05
ENSG00000128652	HOXD3	15.7096286854477	7.77103165169899	1.26247363335817	4.57120964684869	4.84916840675457e-06	0.000109096419745451
ENSG00000128709	HOXD9	72.968642036747	8.30231898145421	1.19777027998254	5.26170926661001	1.42722322875828e-07	3.84793306602293e-06
ENSG00000128917	DLL4	124.642171708851	7.35764441065935	0.483249156143768	11.0867123978287	1.45538656601196e-28	1.81441839481536e-26
ENSG00000129514	FOXA1	50.7654382679046	7.707530242806	0.862605081558311	6.61662024120615	3.67503969640997e-11	1.49719491907061e-09
ENSG00000129682	FGF13	234.319659904656	9.63085028289895	1.04582342438836	7.29649968144649	2.95350546822671e-13	1.4156416108879e-11
ENSG00000130038	CRACR2A	182.717465778729	5.7637651284561	0.543224059861711	6.92856853471153	4.25120209693112e-12	1.85497847287407e-10
ENSG00000130540	SULT4A1	26.941475366392	5.63055895247432	0.698776882018504	5.19559110482734	2.04070364882955e-07	5.38804254796858e-06
ENSG00000130830	MPP1	278.647815130124	3.51486882731821	0.263702585454222	5.74461120549456	9.21324302814935e-09	2.86076372003267e-07
ENSG00000130988	RGN	20.5284058253522	7.77840724374947	1.26189089995806	4.579165476145	4.66834768270975e-06	0.000105314112825865
ENSG00000131015	ULBP2	55.1181391264129	5.93591659781267	0.74812627431259	5.26103243924852	1.43248756010474e-07	3.85585653150921e-06
ENSG00000131951	LRRC9	12.9884916184357	7.03113402138447	1.25377021773347	4.01280390156309	6.00017569120433e-05	0.00115819456502746
ENSG00000132164	SLC6A11	32.3259132011731	8.40227135398388	1.24715574029928	5.13349788411153	2.84406229529728e-07	7.39144152324832e-06
ENSG00000132170	PPARG	105.615903582042	5.67955951378785	0.636770882716882	5.77846697086467	7.53843385941317e-09	2.38085279662723e-07
ENSG00000132561	MATN2	771.060912637899	5.50646750187797	0.366585539267003	9.56520955215319	1.11974403981858e-21	9.57034841455249e-20
ENSG00000132623	ANKEF1	204.532959951131	4.49577788540445	0.355763261410547	7.01527716917446	2.29493549924548e-12	1.02844123008079e-10
ENSG00000132639	SNAP25	465.324524223546	9.48147847196739	0.619977365828488	12.0673413003872	1.57129147932634e-33	2.57956277412971e-31
ENSG00000132692	BCAN	153.193842999676	4.00210869861168	0.324058014877441	6.17824157001293	6.48194827450242e-10	2.27224491204069e-08
ENSG00000132840	BHMT2	702.736270910748	7.62587367608499	1.03276531827796	5.44738826577331	5.1114804462607e-08	1.45374712314663e-06
ENSG00000132915	PDE6A	12.7009140729399	6.813318687455	1.23217698423662	3.90635334780013	9.36994664586411e-05	0.00175085811164112
ENSG00000133048	CHI3L1	110.602329639977	8.14417412871395	1.30827567592989	4.69639101433789	2.64798417446392e-06	6.17527786171397e-05
ENSG00000133124	IRS4	21.4987479264202	8.18499174895975	1.23742344823239	4.99828232428825	5.78432540313744e-07	1.44225412796123e-05
ENSG00000133135	RNF128	68.1293722866189	6.80696163790209	1.23060505281569	3.90617739371663	9.37676860947659e-05	0.00175085811164112
ENSG00000133169	BEX1	893.472460847132	3.24831298866046	0.303430349273783	4.11400175245528	3.88858479507746e-05	0.000772175143559034
ENSG00000133401	PDZD2	169.331228179273	3.39594669952925	0.330050501656976	4.22949425170113	2.34217262833659e-05	0.000478270496926712
ENSG00000133805	AMPD3	231.267680035382	4.87402183505022	0.257015381799589	11.1822950631464	4.97855599813807e-29	6.44917476602558e-27
ENSG00000133816	MICAL2	1957.35946567176	3.96290729014181	0.29481632071607	6.65806860819023	2.77449265960417e-11	1.13589784663942e-09
ENSG00000133863	TEX15	42.499200421366	4.74359993465829	0.512784929401826	5.35039112373827	8.77643414765576e-08	2.44164521144766e-06
ENSG00000133937	GSC	58.2284647168583	6.98479960576945	1.04307803432569	4.77893258388086	1.76228266518868e-06	4.17434412449908e-05
ENSG00000134207	SYT6	185.423614287098	12.2178477580227	1.21323615528129	8.42197762862883	3.7018176258623e-17	2.28177836633542e-15
ENSG00000134215	VAV3	298.972619878966	12.2988313842187	1.29626478701706	7.94500590262749	1.94181538766554e-15	1.08044432694236e-13
ENSG00000134247	PTGFRN	3931.09438636683	5.6789498589719	0.192580409225504	19.1034481324837	2.36350435590217e-81	3.56266052047399e-78
ENSG00000134256	CD101	61.4455927691403	6.69394723029489	0.586208120187356	8.00730503152135	1.17249418959426e-15	6.59021225683471e-14
ENSG00000134330	IAH1	610.814292735028	2.44033113252213	0.113639439823974	3.87480907336568	0.000106708330196055	0.00197249813041337
ENSG00000134595	SOX3	745.31898786335	6.58044979555451	0.627762042165892	7.29647460007478	2.95405583117553e-13	1.4156416108879e-11
ENSG00000135111	TBX3	88.9635074217508	9.94353440438341	1.27823090554372	6.21447531109765	5.14964297099196e-10	1.82839893152072e-08
ENSG00000135324	MRAP2	57.3269590107008	3.53707915558746	0.429932463516011	3.57516420839019	0.000350008145314645	0.00595783592252922
ENSG00000135457	TFCP2	571.673146449605	8.73279815853758	0.728043152432947	9.24780095250971	2.29158599844611e-20	1.82676862693438e-18
ENSG00000135525	MAP7	96.6388213277076	4.02647946368276	0.496065587798016	4.0851038925681	4.40570992779602e-05	0.000869655670390307
ENSG00000135549	PKIB	50.0375976426521	4.74598999764844	0.680365137818995	4.03605335577759	5.43578592169656e-05	0.00105663266550587
ENSG00000135678	CPM	84.1081135882785	6.90596154519994	0.680711088384925	7.2071127221388	5.71506926503405e-13	2.66933981643745e-11
ENSG00000135842	NIBAN1	3528.51432081138	4.81667452844424	0.454661642587488	6.19510041008626	5.82478852174443e-10	2.05054816303704e-08
ENSG00000135903	PAX3	74.6130487960925	6.29201499743863	1.23675017746567	3.47039772109332	0.000519688222848089	0.00869939306640356
ENSG00000135929	CYP27A1	264.311136857727	4.43267649501433	0.503198101106864	4.83443099181668	1.335270136857e-06	3.21336925097619e-05
ENSG00000136235	GPNMB	153.627409490783	6.64561847181109	0.834979667422862	5.5637504158031	2.64037511372346e-08	7.77620954896068e-07
ENSG00000136237	RAPGEF5	272.157836663401	5.96278152245651	0.388878866084852	10.1902722622932	2.19149597543265e-24	2.25696861917073e-22
ENSG00000136244	IL6	62.1731647193604	8.96238222512952	1.24338183309284	5.59955280013302	2.14905471550155e-08	6.42044616896058e-07
ENSG00000136842	TMOD1	87.9105161939652	8.82486735480508	1.15079569089746	5.93056387748782	3.0189610532747e-09	9.87325310144926e-08
ENSG00000136928	GABBR2	959.59948220801	11.6509835641948	1.02117506440757	9.45086097435583	3.36054996302014e-21	2.78606394684185e-19
ENSG00000136943	CTSV	175.183852633843	4.25552718977824	0.25703151290121	8.77529437662824	1.70457378585931e-18	1.15834171898907e-16
ENSG00000137142	IGFBPL1	409.17028784354	4.60018477150944	0.450498813987146	5.77179049262409	7.84335990574392e-09	2.46775617831385e-07
ENSG00000137203	TFAP2A	508.917762484364	4.38677139159424	0.243046612878241	9.82022075242805	9.21415487918999e-23	8.48777233621385e-21
ENSG00000137727	ARHGAP20	91.4249100516842	8.78788324929577	1.04031201900462	6.52485324142511	6.80681491573621e-11	2.68085031158723e-09
ENSG00000137880	GCHFR	138.364746876696	3.35481364357138	0.307161596185071	4.41075206144937	1.03012215760431e-05	0.000221536387746265
ENSG00000138623	SEMA7A	553.761479487191	4.34354536891939	0.418580909270768	5.59878703737876	2.15856767822578e-08	6.43726810659383e-07
ENSG00000138741	TRPC3	40.6392695167705	8.10074853331787	1.21240285342089	5.03194834629773	4.85520095508849e-07	1.22160981845709e-05
ENSG00000138821	SLC39A8	615.239885938959	4.3660135144007	0.261806219178587	9.03727009168854	1.60633114997898e-19	1.17332937435248e-17
ENSG00000138823	MTTP	137.779597964018	6.46909554935592	0.745293607418839	5.99642275858725	2.0171148568534e-09	6.75672352353256e-08
ENSG00000139044	B4GALNT3	244.791975952624	5.98047744383038	1.11914677059228	3.55670725987424	0.000375532224737124	0.00634729848966999
ENSG00000139055	ERP27	34.0838976025634	5.02229290402763	0.48002736749294	6.29608457495308	3.05257863566362e-10	1.1173246436631e-08
ENSG00000139117	CPNE8	186.960030876188	10.3895048134159	1.19504989190956	7.02021302224499	2.21530229492215e-12	9.9544518569388e-11
ENSG00000139832	RAB20	371.891023679519	3.12974233562489	0.289131916713289	3.90735947960105	9.3310275793132e-05	0.00174625020646267
ENSG00000139865	TTC6	10.4278950534764	7.74790943166968	1.28122362463659	4.48626556765218	7.24823879809661e-06	0.000159182844385748
ENSG00000139970	RTN1	946.773960711995	5.69638928474611	0.370598663082508	9.97410312816798	1.97881077108005e-23	1.91875212837884e-21
ENSG00000140873	ADAMTS18	28.783990492966	7.09669369019348	0.898218041266983	5.67422769977357	1.39315725136512e-08	4.24631257075093e-07
ENSG00000141076	UTP4	2054.83012154648	2.93377157065404	0.209089946446951	4.46588459426936	7.97385872095644e-06	0.000174425529620289
ENSG00000141338	ABCA8	146.782268384025	8.31587898027501	0.69565664296969	9.07901770809396	1.09559113590551e-19	8.10981992162916e-18
ENSG00000141384	TAF4B	187.355659660717	3.86792043021536	0.483511305268985	3.86324044517678	0.000111892773644062	0.00206602904208485
ENSG00000141448	GATA6	279.271406779357	10.5678430407146	1.03217765425704	8.30074455243043	1.03460934821645e-16	6.10493153123736e-15
ENSG00000141837	CACNA1A	1401.56610537645	4.70106000655085	0.317000653061682	8.52067647326037	1.58624067093378e-17	1.00387238796767e-15
ENSG00000141934	PLPP2	624.519696968535	5.97556230777724	0.411068131387596	9.67129778306429	3.9928218866108e-22	3.48447261588914e-20
ENSG00000142494	SLC47A1	148.810019924891	7.61714761125365	0.882012976446399	6.36855438781066	1.9081810936828e-10	7.174501295772e-09
ENSG00000142698	C1orf94	88.2144450532759	7.03813384822383	1.19668304565356	4.21008208190355	2.55277925649463e-05	0.000519995489581541
ENSG00000143061	IGSF3	759.166261333409	6.16005179305532	0.331777209230375	12.5386906554113	4.58508545532481e-36	8.44725577052675e-34
ENSG00000143387	CTSK	413.954156665229	4.07873439350232	0.248977235197664	8.34909421277815	6.87884524375895e-17	4.08810512497374e-15
ENSG00000143469	SYT14	95.6705135477763	5.55380364139715	0.50052785243218	7.10011166037695	1.24656132413893e-12	5.69400366819493e-11
ENSG00000143786	CNIH3	1325.39794046182	3.6095627958418	0.336835050860863	4.77848962490148	1.76616874684494e-06	4.17758116853579e-05
ENSG00000143995	MEIS1	310.539663051583	6.56261976069943	0.423013255527802	10.7859971314766	4.00872017205121e-27	4.68088656146345e-25
ENSG00000144063	MALL	48.3869822953525	4.28012108991752	0.45469383574749	5.01462942898518	5.31357745727862e-07	1.32687391293881e-05
ENSG00000144152	FBLN7	386.197223901966	3.36358300751658	0.26291987777624	5.18630625820186	2.145059537464e-07	5.65456791584907e-06
ENSG00000144290	SLC4A10	57.1803808854887	6.71230680620457	1.31815703189586	3.57492065981473	0.000350334118838791	0.00595783592252922
ENSG00000144476	ACKR3	187.163000275953	2.8902862420074	0.204441271717233	4.35472854639044	1.33231913736233e-05	0.000281775301232204
ENSG00000144681	STAC	480.679085553274	5.03322150944081	0.26851331798902	11.2963540585531	1.36779532550277e-29	1.7999535152509e-27
ENSG00000144843	ADPRH	65.2521979655106	5.81458808918028	0.715311650698241	5.3327638176405	9.67290883779914e-08	2.66866058967633e-06
ENSG00000145040	UCN2	34.3080644909026	5.40924134616495	0.994818554558065	3.42699815010936	0.000610293227538476	0.00999928063815759
ENSG00000145087	STXBP5L	53.9839996038467	8.50431702540446	1.13060959182481	5.75292928030664	8.77101835732805e-09	2.73368901095595e-07
ENSG00000145423	SFRP2	79.1985492192281	7.98365673741936	1.25048935920342	4.78505210250734	1.70942982885793e-06	4.06657905197896e-05
ENSG00000145536	ADAMTS16	342.496530583214	7.2064070670452	0.350786975886067	14.8420763168134	7.82945834896631e-50	2.64939283437164e-47
ENSG00000145569	OTULINL	25.0188640993854	3.77022711808892	0.440630249269481	4.0174888606122	5.88216149956761e-05	0.00113939392318143
ENSG00000145703	IQGAP2	253.126608144465	5.5070144828348	0.514756435325678	6.81295898829505	9.56114055329506e-12	4.07540543738266e-10
ENSG00000146233	CYP39A1	21.2164796743705	9.16052836223063	1.25878226255019	5.68845667377294	1.28192626257231e-08	3.93622580735397e-07
ENSG00000147036	LANCL3	29.6717178483745	7.68968072531372	1.06072151875567	5.36397218752407	8.1411444800744e-08	2.27636284357696e-06
ENSG00000147202	DIAPH2	442.146587097754	5.3925112815245	0.26189050395762	12.9539300977231	2.23226647253933e-38	4.56953214582403e-36
ENSG00000147231	RADX	219.870606342646	5.54971515789426	0.481292978895072	7.37537282601445	1.63885774643278e-13	8.03961547147987e-12
ENSG00000147234	FRMPD3	269.191059021447	7.42489769277814	0.506077218639875	10.7195058243444	8.24426323906405e-27	9.36288553198089e-25
ENSG00000147408	CSGALNACT1	76.6119120053415	6.07835088901398	0.939180154333438	4.34245854769844	1.40897075383455e-05	0.000296473909509272
ENSG00000147883	CDKN2B	984.241190791931	3.55188259847827	0.263834796362432	5.88202397816563	4.05279609055852e-09	1.32022420388116e-07
ENSG00000147889	CDKN2A	2903.43852982463	5.50903632859958	0.185959217240354	18.8699241730197	2.01587541555298e-79	2.08907689158025e-76
ENSG00000148357	HMCN2	521.337569744328	8.32820659038148	0.334333642454938	18.9278187618657	6.72915634004581e-80	7.43840941828664e-77
ENSG00000148680	HTR7	91.7244716863607	5.7932259932665	1.04743109522084	3.62145635218777	0.000292949235873185	0.00507564397075578
ENSG00000149294	NCAM1	1949.03055763829	3.28205087711254	0.258542587822417	4.95876090631974	7.09442141521092e-07	1.75833485030811e-05
ENSG00000149295	DRD2	257.083032045	3.97135998801628	0.571428436785211	3.44988079190968	0.000560834147602941	0.00927137687079198
ENSG00000149599	DUSP15	53.7728595795136	4.5989130990483	0.585471430417275	4.4390092565166	9.03739301670591e-06	0.000195881063542485
ENSG00000150540	HNMT	135.657745562279	5.14678034366537	0.451888693426284	6.96361823042317	3.3164258264909e-12	1.47425352892884e-10
ENSG00000151136	BTBD11	150.831183910131	2.96667175910003	0.209510073750438	4.61396314647616	3.95062505255028e-06	9.02277052291133e-05
ENSG00000151320	AKAP6	932.376916888263	4.34485141612153	0.362664141715783	6.46562796373503	1.00878993813891e-10	3.89900838328236e-09
ENSG00000151376	ME3	341.735399744211	3.06738525369836	0.236179846201911	4.51937483601308	6.20225014950579e-06	0.00013748597557347
ENSG00000151490	PTPRO	87.1333500302313	6.53955887502747	0.474882862897563	9.55932342415712	1.1852901817715e-21	1.00786135917709e-19
ENSG00000151692	RNF144A	1896.33566278887	3.04722226860544	0.153234665123626	6.83410811620575	8.25167768191777e-12	3.54458724466007e-10
ENSG00000151883	PARP8	176.445071147938	2.84984951382806	0.18133378783976	4.68665836605724	2.77701949959882e-06	6.44898603961458e-05
ENSG00000152049	KCNE4	1427.99568405834	11.4404613112312	1.23185103265119	7.66363875257989	1.80737808674029e-14	9.42394215605054e-13
ENSG00000152078	TLCD4	169.82667021247	3.84217503844512	0.367066241414347	5.01864467663117	5.2037296433304e-07	1.30336920265954e-05
ENSG00000152315	KCNK13	13.3922221353046	7.24680316728291	1.29104386005606	4.06400071261335	4.82386782425773e-05	0.000945443881725974
ENSG00000152689	RASGRP3	214.018367130846	4.0674215682819	0.409033521715036	5.05440620028747	4.31731874700541e-07	1.09625516300301e-05
ENSG00000152977	ZIC1	2306.32858444647	7.24185671256773	0.274648419949919	19.0856976840557	3.32014090141378e-81	4.58760469052849e-78
ENSG00000153291	SLC25A27	42.4662226255166	4.72042042706688	0.415438006367286	6.54831860680019	5.81884767951023e-11	2.29768639564853e-09
ENSG00000153814	JAZF1	428.622949420767	3.53495063145838	0.330823587309839	4.63978594736897	3.48770241146101e-06	8.00963901446467e-05
ENSG00000153976	HS3ST3A1	307.269752496045	3.9100223287668	0.283239199323233	6.74349572139232	1.54620531877484e-11	6.47414908853679e-10
ENSG00000154027	AK5	147.669970146055	3.13863976583595	0.259971518451614	4.3798635043472	1.18753670590094e-05	0.000253744151037932
ENSG00000154065	ANKRD29	58.4779450956772	9.31125917101457	1.19907401291903	6.09742108680681	1.07793301895327e-09	3.71584353165577e-08
ENSG00000154096	THY1	4722.67999429406	5.45111490728832	0.288236983735234	11.9731856147177	4.91063022873364e-33	7.9051611478284e-31
ENSG00000154133	ROBO4	48.6750275399401	4.75514868717948	0.491286576595436	5.60802761246271	2.04645383211314e-08	6.1583032650214e-07
ENSG00000154237	LRRK1	386.826353431049	4.04909580476692	0.179006756544498	11.447030516178	2.43339180397285e-30	3.30721881161261e-28
ENSG00000154451	GBP5	670.34205427636	4.91439740131847	0.488247555400598	5.96909778468273	2.38569106555554e-09	7.91142871159528e-08
ENSG00000154493	C10orf90	221.481993872918	4.68215625874291	0.291212398682779	9.21030928241699	3.25186596097396e-20	2.54335799523157e-18
ENSG00000154553	PDLIM3	218.797590174785	4.32339150236578	0.623079246433695	3.72888603763346	0.000192328101305636	0.0034401210871076
ENSG00000154589	LY96	131.342748760477	6.03590478307895	0.767482332285	5.2586289134018	1.45133426528639e-07	3.89571725319808e-06
ENSG00000154856	APCDD1	202.652276521374	3.30063156765033	0.350202261320611	3.71394394412433	0.000204054012006867	0.00362638753814132
ENSG00000155265	GOLGA7B	30.8544100697639	9.07282485806445	1.20735452709432	5.85811764427329	4.68142985726365e-09	1.51607008717361e-07
ENSG00000155792	DEPTOR	53.7801632911779	5.16705287951743	0.759630960488397	4.16919931420542	3.05671591866364e-05	0.000615837261814847
ENSG00000155846	PPARGC1B	270.800801231585	6.50303491118774	0.5282384351267	8.52462564581783	1.53304817591201e-17	9.77671992492197e-16
ENSG00000155849	ELMO1	84.0979360561657	9.84049063036892	1.20486618880994	6.50735384824188	7.64861041762338e-11	2.99107569185409e-09
ENSG00000155966	AFF2	184.051084418346	7.30405215405654	0.794609450825431	6.6750428761535	2.47159894474763e-11	1.02198459109378e-09
ENSG00000156049	GNA14	105.989109551964	3.22210254888237	0.280068915640069	4.36357796469266	1.27952310578148e-05	0.000272236899749262
ENSG00000156466	GDF6	72.6286916040607	7.12382186256175	1.07773519564224	4.75424935854337	1.99185075023156e-06	4.66481317649569e-05
ENSG00000157542	KCNJ6	38.5448562959411	7.23242056488155	1.43886019430451	3.63650380043401	0.000276363567652732	0.00482356243710521
ENSG00000157551	KCNJ15	193.124305109729	12.3108799887393	1.1884301483504	8.67605050498873	4.09750254572244e-18	2.70680038687744e-16
ENSG00000157927	RADIL	85.4393383889634	3.6564046311481	0.38021379501026	4.35650850359967	1.32153561306449e-05	0.000280038454987543
ENSG00000158104	HPD	61.7666129157593	7.97677853294068	1.09944417558148	5.4361819050791	5.44343835659005e-08	1.54286583573709e-06
ENSG00000158125	XDH	28.1056100098437	5.87088865692902	0.992089079360627	3.90175513213359	9.54977363807146e-05	0.00178115631825493
ENSG00000158458	NRG2	123.816408150131	7.49021475330165	1.08321381173066	5.06844973157226	4.01068870574475e-07	1.01995750659438e-05
ENSG00000158716	DUSP23	125.228344420066	4.19503237423871	0.257700279774846	8.51777256957782	1.62651213311309e-17	1.01770557279805e-15
ENSG00000158816	VWA5B1	32.442370513389	6.90041707803669	1.32500225530087	3.69842168828908	0.000216944260558126	0.00383491768050563
ENSG00000159167	STC1	1116.39317604289	5.31369990760349	0.476740708858612	6.9507383070705	3.63379396837813e-12	1.60671834105808e-10
ENSG00000159212	CLIC6	91.5155660052966	5.57001799277678	0.678327703625898	5.26296946696086	1.41747126207386e-07	3.82786498313463e-06
ENSG00000160219	GAB3	129.606416263977	6.88339442378583	0.508967721032081	9.59470359708337	8.41586424184394e-22	7.23023031057069e-20
ENSG00000160321	ZNF208	80.9386035352906	4.91248258257746	0.622229697991525	4.68071934203489	2.85870072273853e-06	6.62938694877309e-05
ENSG00000160539	PLPP7	218.686096325036	6.48577900326131	0.517904318273857	8.66140490624239	4.65985159441775e-18	3.05395254098975e-16
ENSG00000161798	AQP5	14.6618550947651	7.61859124178362	1.29136256840739	4.35090142709719	1.35578996535728e-05	0.000286373928861007
ENSG00000162599	NFIA	220.332959450497	4.1397070326573	0.517534958099388	4.13442029213877	3.55851728428743e-05	0.000711746382277079
ENSG00000162639	HENMT1	10.0136796540752	6.70405699366872	1.32503136493053	3.55014765549745	0.000385015139330798	0.00650095318252949
ENSG00000162706	CADM3	426.632077465963	4.56291604367675	0.587368726866184	4.36338525775929	1.28065123819084e-05	0.000272236899749262
ENSG00000163064	EN1	309.002166951874	10.1054850751543	1.1907915974969	6.80680405554794	9.97906975570529e-12	4.24263988767562e-10
ENSG00000163171	CDC42EP3	3552.76647836307	5.11781306068096	0.225718009926376	13.8128679306446	2.13172719330329e-43	5.35548008972148e-41
ENSG00000163219	ARHGAP25	86.7099988920551	10.7995275991144	1.20502077598058	7.30238662644948	2.82707501762943e-13	1.36663938388669e-11
ENSG00000163235	TGFA	279.836597072276	6.93434618256091	1.20635450406339	4.09029532027315	4.30824267391865e-05	0.000852445963917005
ENSG00000163531	NFASC	672.822241703865	4.7965489560198	0.257364300486745	10.8661106094776	1.67176560147142e-27	2.02332448452537e-25
ENSG00000163694	RBM47	228.224328566544	4.57248507178528	0.335406616293354	7.66975052613548	1.72331197537445e-14	9.01395453113052e-13
ENSG00000163710	PCOLCE2	270.699772051948	6.47700565686947	0.860419868895654	5.20328018763176	1.95801317418542e-07	5.18623265833362e-06
ENSG00000163735	CXCL5	121.382763990272	7.22321049433908	1.09666124287902	4.76282947742988	1.90897150529093e-06	4.48973851478425e-05
ENSG00000163739	CXCL1	93.4361094890701	7.99336735085311	1.09643381023031	5.46623726387475	4.59688948668406e-08	1.32558303615145e-06
ENSG00000163762	TM4SF18	15.2546653663418	6.46397565507487	1.13075763194992	3.94777406664681	7.88811929001417e-05	0.00149820052631987
ENSG00000163888	CAMK2N2	45.2724141076597	3.42925968439061	0.334320173834345	4.27512246119736	1.91032262333532e-05	0.000392503834170048
ENSG00000164093	PITX2	8.04906485845502	6.60201719284809	1.29348031192789	3.55785638978064	0.000373893624063512	0.0063260512046909
ENSG00000164124	TMEM144	55.850518863219	4.07154855075397	0.575420742696206	3.60005887352525	0.000318145138302374	0.00546649174942142
ENSG00000164161	HHIP	517.62025272562	4.11636580299626	0.411650900992826	5.14116645412891	2.73038021681848e-07	7.11524401757964e-06
ENSG00000164241	C5orf63	46.9964747505657	9.23008261240141	1.21724299097204	5.93972006084651	2.85509188284435e-09	9.37431257612715e-08
ENSG00000164430	CGAS	198.7744956972	6.26430443381249	1.20599980534491	3.53590806143864	0.000406376094394758	0.00684768498085314
ENSG00000164483	SAMD3	18.5543402494364	4.17714452514227	0.572448121218824	3.80321717277509	0.000142829039503987	0.00260247066375341
ENSG00000164484	TMEM200A	398.172298991466	3.30859646949484	0.232128399667987	5.63738203238607	1.72654801005302e-08	5.22406798443231e-07
ENSG00000164604	GPR85	97.1913517406405	8.16149481639278	0.679039782152345	9.07383481548424	1.14900247021469e-19	8.46738220383543e-18
ENSG00000164647	STEAP1	102.001746376528	5.10679334236086	0.458910633005264	6.76993104739245	1.28843786676782e-11	5.42223052509573e-10
ENSG00000164687	FABP5	41.4399576817073	3.41451650082968	0.367070897934892	3.85352396168595	0.00011642986307652	0.00214264546023505
ENSG00000164746	C7orf57	235.096821034543	7.21942009844625	0.52856835721749	9.87463594287505	5.36273360916701e-23	4.99547674008979e-21
ENSG00000164761	TNFRSF11B	35.0422688882821	4.42928430096011	0.689477453258675	3.5233701834318	0.000426095774193365	0.00716540976866145
ENSG00000164778	EN2	135.686264419184	7.22785930741552	0.600395225152566	8.70736323075699	3.11025162469884e-18	2.06439163339474e-16
ENSG00000165025	SYK	9.05324539174912	7.64157030001193	1.37335791059308	4.1078660242148	3.99331620892677e-05	0.000792023637083908
ENSG00000165105	RASEF	366.056661723554	11.0979884496749	1.05269417333754	8.64257509930915	5.4960005445718e-18	3.57369353057039e-16
ENSG00000165118	C9orf64	365.673466271285	9.14107672907512	0.85110322571609	8.39037676430712	4.84586660484347e-17	2.94319832142526e-15
ENSG00000165186	PTCHD1	322.253870213094	3.22121279868387	0.195413846911711	6.24936675667421	4.12120148237273e-10	1.48551395172222e-08
ENSG00000165655	ZNF503	441.611567756003	3.48512235186942	0.322552578171282	4.60427989845672	4.13895492661127e-06	9.40109748467691e-05
ENSG00000165671	NSD1	2876.38560993084	4.40433209380958	0.247700713823204	9.70660139286344	2.82603144993215e-22	2.51927029415725e-20
ENSG00000165757	JCAD	287.872848231051	7.87718767368756	0.470324833387676	12.4960181909918	7.84849649141704e-36	1.41452087308898e-33
ENSG00000165887	ANKRD2	19.0385687553781	5.42885612289842	0.695105906760328	4.93285424501605	8.10366268879422e-07	1.99061971915403e-05
ENSG00000165891	E2F7	1928.52424207044	3.39575536235817	0.33180743598669	4.20652225049638	2.59330561381812e-05	0.000526955887043116
ENSG00000165959	CLMN	519.366563634461	4.33690517406053	0.256052044271336	9.12668040089591	7.0631858167076e-20	5.32339472849222e-18
ENSG00000166145	SPINT1	2371.82196133963	4.87906881865554	0.286243729811727	10.0581026545078	8.46132825610061e-24	8.40103495894636e-22
ENSG00000166446	CDYL2	282.318112903348	6.65223459655328	0.338912615656951	13.7269442966452	7.00251060340006e-43	1.73296460171607e-40
ENSG00000166573	GALR1	25.9278751536193	9.01954335198961	1.2870801461432	5.4538510076657	4.92905057895799e-08	1.4042712654588e-06
ENSG00000166741	NNMT	1345.5744442704	5.82481818949685	0.293078844415859	13.0504751959159	6.31522648534812e-39	1.30890962941946e-36
ENSG00000166831	RBPMS2	151.189205172256	4.11016761380133	0.282038233304217	7.48184949635966	7.32838453391884e-14	3.63808215439845e-12
ENSG00000166897	ELFN2	277.920988208733	7.5660735448162	0.470925288978094	11.8194407373929	3.09739616378494e-32	4.93826209535752e-30
ENSG00000166922	SCG5	184.457330340275	6.0824431128491	0.485475583882111	8.40916257868995	4.12948388472541e-17	2.53596193676415e-15
ENSG00000167034	NKX3-1	86.0745504292287	4.32978313381498	0.572156028565422	4.07193670519646	4.66238502345112e-05	0.00091487581152477
ENSG00000167173	C15orf39	592.542467405045	2.95419506758759	0.248037528631479	3.84697861187482	0.000119583404122473	0.00219580556340501
ENSG00000167207	NOD2	170.42172812774	10.1399115462434	1.1237230713734	7.24369887350883	4.36610241639301e-13	2.05665750472195e-11
ENSG00000167306	MYO5B	510.688498998967	4.68827907515044	0.384817007432726	6.98586347075735	2.83109291509837e-12	1.26529249663736e-10
ENSG00000167553	TUBA1C	4243.90197929384	3.41832029191582	0.236944023228533	5.98588760581583	2.15212949282611e-09	7.17997165403416e-08
ENSG00000167703	SLC43A2	424.811776915392	3.81824296680806	0.288585197792584	6.30054133308285	2.96607900264184e-10	1.0880653969647e-08
ENSG00000168404	MLKL	37.7833370615036	4.26139941974132	0.585934995608544	3.85947150569605	0.000113632505215096	0.0020958182079772
ENSG00000168672	LRATD2	3191.32719682734	5.27823611169766	0.28457076601689	11.5199328363304	1.0469257200537e-30	1.50948481427917e-28
ENSG00000168675	LDLRAD4	81.3316881764677	5.37589050001815	0.403748794588719	8.36136366291078	6.19974147776269e-17	3.69776667060371e-15
ENSG00000168743	NPNT	130.173224161602	4.47933572510316	0.446797445074932	5.54912690847493	2.87099724646782e-08	8.38098685628219e-07
ENSG00000169067	ACTBL2	7.59003107307431	7.46575579475111	1.36539579166029	4.00305598430539	6.25294978634952e-05	0.00120558326055188
ENSG00000169122	FAM110B	130.196155847203	4.86033069246203	0.438706877506476	6.51991304243869	7.03481627698269e-11	2.76408267034716e-09
ENSG00000169129	AFAP1L2	105.534306515511	6.31146007369395	0.440973767942775	9.77713502961348	1.41149418077798e-22	1.28593324238899e-20
ENSG00000169429	CXCL8	451.17115082152	10.3088506297118	1.25859321102524	6.60169668557444	4.06478512664113e-11	1.64787780403023e-09
ENSG00000169435	RASSF6	16.2547755949179	7.15097451907236	1.2369499662359	4.16425454519155	3.12371469668559e-05	0.000627809859221136
ENSG00000169436	COL22A1	590.823987140392	5.97390615921991	0.754064591355632	5.2699811193571	1.36437792447775e-07	3.69049761268606e-06
ENSG00000169618	PROKR1	218.389092212121	10.6634185632798	1.03525909541312	8.36835783589297	5.84267374263785e-17	3.49737809843603e-15
ENSG00000169715	MT1E	112.404914059518	4.97603945812733	0.690719461347605	4.30860808861681	1.64285183679051e-05	0.000342643098186457
ENSG00000169908	TM4SF1	1537.37114281268	3.91568633720526	0.381562205475732	5.02063964856473	5.14996938118355e-07	1.2938127622637e-05
ENSG00000169933	FRMPD4	48.3291610214654	9.15391740488715	1.27663522963073	5.60372864452161	2.09789058763912e-08	6.29885356208841e-07
ENSG00000170166	HOXD4	14.1930980029067	8.03468047535491	1.24032885115383	4.86538748956864	1.14232779976544e-06	2.77249453883895e-05
ENSG00000170214	ADRA1B	204.548614066168	7.60532977049941	1.20026060200211	4.67009394555595	3.01062021366707e-06	6.94285031471679e-05
ENSG00000170579	DLGAP1	41.5528477404396	4.91071347262522	0.452152793160471	6.43745547225271	1.21492947724243e-10	4.65236620373134e-09
ENSG00000170689	HOXB9	1164.87697134263	9.86503395397669	1.23146622325176	6.38672324540789	1.69477950631304e-10	6.40117061370764e-09
ENSG00000170955	CAVIN3	655.744336360124	8.95129916117259	0.556462067551338	12.4919550972471	8.25985792892544e-36	1.45698621616503e-33
ENSG00000171241	SHCBP1	1905.79844499826	3.42193709400205	0.363445828672832	3.91237698117056	9.13920969091379e-05	0.00171228515124341
ENSG00000171522	PTGER4	32.4309530535453	5.23918794894097	0.802656314341326	4.03558520759798	5.44663679108363e-05	0.00105750216197843
ENSG00000171587	DSCAM	132.926333038494	6.28950320883195	1.24227868504536	3.45293150439534	0.000554529789709595	0.00918547297020459
ENSG00000171724	VAT1L	2506.01813676947	3.13844711213647	0.329251296191223	3.45768452639678	0.000544838978783686	0.00906115858296118
ENSG00000172461	FUT9	54.629019058601	6.4139146723087	1.21909827669145	3.62063892362129	0.000293876403877955	0.005086393165658
ENSG00000172575	RASGRP1	388.213263493096	4.41070890808549	0.605099388137438	3.98398834199107	6.77681985486169e-05	0.00130053761589655
ENSG00000172602	RND1	87.5134960426534	6.91696631396378	0.564696134222818	8.70727815541171	3.11258614286644e-18	2.06439163339474e-16
ENSG00000172986	GXYLT2	434.225351320815	4.54653696508376	0.259384670121135	9.81760781735677	9.45607998523424e-23	8.66250067597618e-21
ENSG00000173083	HPSE	192.47507595887	4.74615996571607	0.509754137676362	5.38722447302543	7.15540462578943e-08	2.01091125593584e-06
ENSG00000173156	RHOD	69.2037531906017	3.19024219580004	0.34456663182122	3.45431648302383	0.000551689545142718	0.00915672106908049
ENSG00000173208	ABCD2	30.7213100586072	3.83150617268187	0.492430654460323	3.71931795084751	0.000199761464821221	0.00355391078133119
ENSG00000173210	ABLIM3	35.1378610079616	6.94879785388637	1.23238265002356	4.01563414885121	5.9286164214146e-05	0.00114705237903705
ENSG00000173706	HEG1	3970.25368847566	2.671612212953	0.154918208592549	4.33526968233548	1.45581531651343e-05	0.000305555364089989
ENSG00000173917	HOXB2	843.529202494155	7.01584102191271	0.316490672334736	15.848306001915	1.44421678531481e-56	6.84187386208709e-54
ENSG00000174125	TLR1	68.909113419251	4.74566129659642	0.605024329006461	4.53810064316786	5.67631700269997e-06	0.000126504048685172
ENSG00000174130	TLR6	118.850485333336	3.55425199358565	0.429547010622343	3.61835132162554	0.000296485746182531	0.00512620454374614
ENSG00000174600	CMKLR1	27.552672833663	6.35850046289245	1.26195342128731	3.45377284880005	0.000552802783428732	0.0091660229520318
ENSG00000174749	FAM241A	185.920173978377	4.55063503603204	0.426407029793746	5.98169086768055	2.20833084411098e-09	7.35267745506107e-08
ENSG00000174963	ZIC4	358.020233495491	3.93815131117256	0.35696303619697	5.42955744611915	5.64939666825143e-08	1.59850932007298e-06
ENSG00000175264	CHST1	98.5948035118496	8.9409825056439	1.19500175018169	5.80834505438054	6.30933816546406e-09	2.01182954079922e-07
ENSG00000175426	PCSK1	387.878506596227	11.7358872585556	1.22465184279256	7.94992251541051	1.8662820732294e-15	1.04191323421605e-13
ENSG00000175471	MCTP1	121.977134655077	3.08777450972892	0.246693374477405	4.40941923159981	1.03648205447129e-05	0.000222554635420556
ENSG00000175538	KCNE3	19.0466393758171	5.4170586332533	0.863832059762216	3.95569786353369	7.63115573219967e-05	0.00145272322842253
ENSG00000175556	LONRF3	122.128949137632	6.20774634393254	0.542153201050145	7.76117587387141	8.41455316830997e-15	4.45756249468842e-13
ENSG00000175879	HOXD8	25.4793981023704	8.90950783366159	1.22053164063868	5.66106408355458	1.50437230897314e-08	4.56849766576624e-07
ENSG00000176165	FOXG1	1232.80219781584	5.84028823061536	0.365200680038169	10.5155560778638	7.32474224609556e-26	8.04314908493447e-24
ENSG00000176399	DMRTA1	18.5646536670273	6.71169538051666	1.21218706399306	3.8869375201843	0.000101516870006429	0.00188705293898723
ENSG00000176463	SLCO3A1	1130.68397339639	9.89908546923392	0.596836125923057	13.2349318785241	5.51467148908566e-40	1.20314168369118e-37
ENSG00000176971	FIBIN	232.710465812759	11.2033731919476	1.27550302859797	7.2154851737702	5.37420160509816e-13	2.5172213789303e-11
ENSG00000177096	PHETA2	20.5782153155541	5.44371088605272	0.850822859806547	4.04750630094227	5.17661889256954e-05	0.00100980609244348
ENSG00000177181	RIMKLA	27.7166371462851	5.92058617585425	0.77790445463731	5.03993279956494	4.65695338786587e-07	1.17888464311762e-05
ENSG00000177570	SAMD12	31.4062764879418	9.27887754313521	1.20757068669081	6.02770307639878	1.66306220271461e-09	5.63910723583045e-08
ENSG00000177602	HASPIN	245.412967422955	3.71792260646315	0.432281371062835	3.97408429199563	7.06505409747887e-05	0.00135116103795037
ENSG00000177614	PGBD5	139.484767357719	4.5714626939129	0.412847807072884	6.22859719697854	4.70630074609369e-10	1.67817575636515e-08
ENSG00000177679	SRRM3	240.668801234344	3.87802604683255	0.33565395546737	5.5951256234045	2.20462080468704e-08	6.56280387118775e-07
ENSG00000178075	GRAMD1C	73.3518535586077	4.0190677224783	0.385767260587936	5.23390118539633	1.65969203626724e-07	4.42433338478248e-06
ENSG00000178150	ZNF114	32.3106508510828	4.73052336456374	0.760448523995087	3.59067481677614	0.000329822925066681	0.00564375017598621
ENSG00000178860	MSC	230.037827877065	11.3595067158096	1.20298111285049	7.78026073379656	7.23752273542456e-15	3.88366875327102e-13
ENSG00000178919	FOXE1	33.44098652066	7.98320857926462	1.27138263402323	4.70606442085105	2.52544742569437e-06	5.89780898104765e-05
ENSG00000179071	CCDC89	18.6453517318382	6.55750219634578	1.25336078596289	3.63622529712742	0.000276662381361661	0.00482370025799969
ENSG00000179299	NSUN7	117.915673174743	4.69412713997075	0.556792759703826	4.83865332840146	1.30721828993758e-06	3.15043407928125e-05
ENSG00000179331	RAB39A	64.4247045457507	6.49142316338418	0.856551347417788	5.24361227954903	1.57462912504948e-07	4.21792011671169e-06
ENSG00000180071	ANKRD18A	58.5936681222335	5.89508539953874	0.625924815023954	6.22292854676112	4.87959646583297e-10	1.73623581545014e-08
ENSG00000180525	PRR26	15.279580307714	5.40193496502351	0.941588957592728	3.61297245214187	0.000302706874297177	0.00521243631651525
ENSG00000180543	TSPYL5	220.898120003759	11.3933157030985	1.24206222769493	7.56267721024811	3.9485662400914e-14	1.99607246423645e-12
ENSG00000180806	HOXC9	40.208875430135	6.57348749841466	1.20589421601544	3.79261085895786	0.000149071665199663	0.00271026017617941
ENSG00000180818	HOXC10	92.5082340111397	7.27052597198826	1.24691843046614	4.22684102120294	2.36994984764054e-05	0.000483347336085213
ENSG00000181481	RNF135	131.129964746478	4.4777921583679	0.40526854412907	6.11395133982758	9.71939531806072e-10	3.3574436201826e-08
ENSG00000182240	BACE2	859.712774120134	6.12930645958179	0.312083037388044	13.2314351146468	5.77735929588303e-40	1.24408304526022e-37
ENSG00000182742	HOXB4	530.489279000426	8.51199324201517	0.565398960226352	11.5175189558328	1.07666610515954e-30	1.53898281807331e-28
ENSG00000182752	PAPPA	1808.83663961848	4.2539055764092	0.227444288616066	9.90970399882791	3.77763687915701e-23	3.59982741915531e-21
ENSG00000182902	SLC25A18	585.84189419735	5.27630368528554	0.363319783324416	9.01768589452246	1.92104221379457e-19	1.38490438899686e-17
ENSG00000183049	CAMK1D	389.602065079769	3.9872210282736	0.482178533894451	4.12133865069283	3.76677239906133e-05	0.000751336660436537
ENSG00000183066	WBP2NL	6.40709539449846	6.33392960550816	1.2580758310501	3.44488742136529	0.000571297279040206	0.00942555242165736
ENSG00000183072	NKX2-5	194.638130425908	8.16959890805422	1.20264006248902	5.13004605491474	2.89671298799697e-07	7.51649421814988e-06
ENSG00000183092	BEGAIN	88.2540790724021	4.1700557962116	0.479874632804331	4.5221306730261	6.12202445573472e-06	0.000135889273762433
ENSG00000183111	ARHGEF37	147.954269532083	3.84357380240667	0.335167446909411	5.50045602401522	3.78810226290205e-08	1.09808607729334e-06
ENSG00000183421	RIPK4	80.0821198111055	7.61869760540611	1.36338488133643	4.12113826573938	3.7700506693396e-05	0.000751336660436537
ENSG00000183454	GRIN2A	121.612421718563	11.6595142724692	1.19790414442203	8.06367881557814	7.40321091280994e-16	4.23284966018281e-14
ENSG00000183486	MX2	89.3425984302817	6.64725743915965	0.843671432237407	5.50837359377593	3.62164159814084e-08	1.0535164796276e-06
ENSG00000183508	TENT5C	140.316512622048	3.45653203003668	0.414892504619451	3.51062507473508	0.000447054441597015	0.00751024285321185
ENSG00000183570	PCBP3	195.299514186892	5.74743069783918	0.424988767847938	8.81771703477117	1.16817015056725e-18	7.97095854590761e-17
ENSG00000183578	TNFAIP8L3	28.7238046663508	8.23795377494244	1.28576050060733	4.85156743576735	1.22489546745782e-06	2.95633067626173e-05
ENSG00000183691	NOG	116.162180698927	7.69261523078323	1.00377632954431	5.67119891476973	1.41801637233221e-08	4.3141521962643e-07
ENSG00000183696	UPP1	3443.9158578234	3.1320117082789	0.277674157294325	4.07676291992492	4.56670127031561e-05	0.000898226260535031
ENSG00000183729	NA	11.967029982021	8.10211435068563	1.25425044199923	4.86514825616411	1.14371043035151e-06	2.77249453883895e-05
ENSG00000183770	FOXL2	55.2189680687523	7.58439096805458	1.03963330343765	5.37150065276791	7.80840856223172e-08	2.18701389139129e-06
ENSG00000184012	TMPRSS2	116.166761871006	7.37464491092942	0.630395804477809	8.52582595371416	1.51723252257878e-17	9.71321716481804e-16
ENSG00000184216	IRAK1	6002.82352989277	3.75385489053227	0.202656582324056	8.65431988647569	4.9585955978984e-18	3.23694777987218e-16
ENSG00000184254	ALDH1A3	553.764511936496	4.15255026368275	0.342113999519321	6.29190932469043	3.13584653582168e-10	1.14275761341669e-08
ENSG00000184371	CSF1	2722.48392081987	4.10325451016008	0.24690667502976	8.51841899335677	1.61746110262505e-17	1.01587585388735e-15
ENSG00000184486	POU3F2	2866.05192138176	3.81567502106832	0.423351539678133	4.28881166334897	1.79631607830283e-05	0.00037230896117924
ENSG00000184719	RNLS	74.3776374061041	5.64497813106298	0.555777547136195	6.55834002263098	5.4410034495067e-11	2.15830809081987e-09
ENSG00000185046	ANKS1B	512.128491862997	5.68483201055159	0.364101721041751	10.1203367015369	4.48868795362693e-24	4.48355029874025e-22
ENSG00000185215	TNFAIP2	1626.69713245766	11.4296944623155	0.873493145953528	10.7953846071933	3.619439070749e-27	4.25630632851697e-25
ENSG00000185483	ROR1	305.284950393604	5.46489213274171	0.301646361741337	11.4866034277346	1.54050498026224e-30	2.15989645905041e-28
ENSG00000186088	GSAP	560.649916731567	3.11416249166714	0.299448709748735	3.72071228025001	0.000198661671446467	0.00353814089608365
ENSG00000186205	MTARC1	74.3554036390902	7.65541680574839	1.20438775281149	4.6956777769838	2.65724144373386e-06	6.1881629745156e-05
ENSG00000186340	THBS2	6972.74620354638	4.70311737880039	0.450471813904755	6.00063598956253	1.96546162124331e-09	6.59702816636342e-08
ENSG00000186854	TRABD2A	81.9985149770018	5.48238899113987	0.377117023864476	9.23423969423172	2.601267977144e-20	2.04415281180212e-18
ENSG00000187098	MITF	238.381083713861	4.50028561806711	0.505347854470832	4.94765258414968	7.51138185003559e-07	1.85889884261851e-05
ENSG00000187908	DMBT1	35.9002752595763	5.25535411824437	0.942341975196903	3.45453583086348	0.000551240962607273	0.00915672106908049
ENSG00000188488	SERPINA5	75.9447103910028	8.51562692944607	1.31950140814341	4.93794617363374	7.89496252863743e-07	1.94223106361034e-05
ENSG00000188677	PARVB	489.666267756816	5.74457166914753	0.362838405161175	10.3202186314433	5.70930028855867e-25	6.02967567417779e-23
ENSG00000188859	FAM78B	62.950385234609	5.37145208709442	0.529954794183113	6.36177297403502	1.99438078118626e-10	7.44793417406519e-09
ENSG00000188906	LRRK2	100.479089339877	8.33960273694233	1.03109840757697	6.14839736959743	7.82697458097819e-10	2.72073512635638e-08
ENSG00000196136	SERPINA3	7.48597351241513	7.06789772903124	1.3866885992021	3.65467613417124	0.000257506830894958	0.0045230092829124
ENSG00000196208	GREB1	392.658878967978	4.92163054535632	0.546272901082471	5.34829851447315	8.8784941779706e-08	2.46590137294691e-06
ENSG00000196277	GRM7	9.47188274247105	6.9894011945803	1.30485992165169	3.82370637015559	0.000131460461392866	0.00240060122285804
ENSG00000196371	FUT4	60.9942614644368	5.95244084412305	0.744210266514674	5.31091953707295	1.09073482752858e-07	2.99428380384958e-06
ENSG00000196739	COL27A1	872.264325342922	2.85063284442152	0.20300993561226	4.19010449836399	2.78826015867244e-05	0.000563119874432982
ENSG00000196878	LAMB3	365.915733071692	5.14194391367588	0.366236403010433	8.57900494830487	9.5697360158912e-18	6.17415536496078e-16
ENSG00000197576	HOXA4	86.3147882954416	9.48196961494417	1.198501783186	6.24276886351784	4.2989193645882e-10	1.54286541091422e-08
ENSG00000197594	ENPP1	239.176677093901	6.39076162038184	0.518147715626284	8.47395730592913	2.37194393390701e-17	1.47300383401169e-15
ENSG00000197635	DPP4	558.858496857947	6.59442775044723	0.365793375617838	12.5601720990356	3.4957158387981e-36	6.51263644079903e-34
ENSG00000197705	KLHL14	28.1546450198897	6.49178061169586	1.2313494948971	3.64785191394522	0.000264441972344986	0.00462035020384848
ENSG00000197757	HOXC6	55.29830892466	5.70277993643876	0.80588694272177	4.59466426386453	4.33446570614761e-06	9.81827539257288e-05
ENSG00000197816	CCDC180	60.6696364069708	5.69931940839669	0.724292088395509	5.10749664074285	3.26454899171636e-07	8.39216850103084e-06
ENSG00000197956	S100A6	13363.6363000428	8.69112498071787	0.346082330632819	19.3339110045954	2.78485506816719e-83	4.61756818852801e-80
ENSG00000198088	NUP62CL	17.5209515002797	5.96642964424077	0.84758942239816	4.67965920695211	2.87352150938147e-06	6.64516877922651e-05
ENSG00000198286	CARD11	30.2478767637099	9.53939243192373	1.22459843476387	6.15662425975377	7.43118729190933e-10	2.58858227914178e-08
ENSG00000198353	HOXC4	116.461901325278	8.8844504709618	1.19492250303625	5.76142005315717	8.34091695624362e-09	2.61438079492392e-07
ENSG00000198624	CCDC69	20.4735657283578	3.86575126137776	0.518498913929113	3.59837062577307	0.000320217073600173	0.00549071282043895
ENSG00000198729	PPP1R14C	40.6084154270607	7.43984818761761	1.21475705381029	4.47813673569923	7.52973682107339e-06	0.000165146251627272
ENSG00000198768	APCDD1L	85.1731280127073	6.29755149073209	0.435114794559598	9.8768222649884	5.24704605293995e-23	4.94325401157939e-21
ENSG00000198774	RASSF9	46.5912072937186	7.05604825015049	0.758636316448625	6.66465359029894	2.65290337990092e-11	1.0890139593341e-09
ENSG00000198885	ITPRIPL1	110.79110845363	3.82771603604815	0.3786932288161	4.82637633041947	1.39039665039468e-06	3.34118360292668e-05
ENSG00000198914	POU3F3	1000.44565239213	11.2833978946772	1.21200814714889	7.65951773221603	1.86632580912754e-14	9.6704838253574e-13
ENSG00000198963	RORB	513.637243548718	3.06083368681753	0.236426981793547	4.48694002169292	7.22534043321658e-06	0.000158890410773427
ENSG00000204291	COL15A1	128.105698051705	10.7273309595163	1.21937171079559	7.15723587996157	8.23199850013997e-13	3.8233828327961e-11
ENSG00000204969	PCDHA2	25.870373872433	5.7278234589829	0.705559496641076	5.28349979942128	1.26739002736321e-07	3.45067225676672e-06
ENSG00000206262	FOXL2NB	43.0265506724556	6.905972919873	1.20171878927973	4.08246335468673	4.45608401821509e-05	0.000878553259286853
ENSG00000206384	COL6A6	10.436590115643	6.7227312879528	1.30638169703987	3.61512358804018	0.000300204373042662	0.00517969688805451
ENSG00000213949	ITGA1	130.981190151369	5.30166305164847	0.307225371617117	10.7467135095965	6.14108726216696e-27	7.07120610374933e-25
ENSG00000214814	FER1L6	24.1560017201381	8.22343226685607	1.21496596531134	5.12230996138339	3.01815218404276e-07	7.78288979216376e-06
ENSG00000224982	TMEM233	207.028050930424	3.92871432731676	0.470607741886369	4.09834806283841	4.16109239478494e-05	0.000824313894837862
ENSG00000225614	ZNF469	214.824773594299	5.20097910420297	0.347725568621756	9.20547521682218	3.40162687212167e-20	2.647998834115e-18
ENSG00000234409	CCDC188	72.3509381250122	3.43765986226736	0.399257561717217	3.60083314661329	0.000317199099933073	0.00545589032779075
ENSG00000234602	MCIDAS	17.3717481682128	7.17462494327359	1.23336072672729	4.19554865915375	2.72211836362586e-05	0.000551778051189248
ENSG00000235750	KIAA0040	123.00111116523	5.64639495224716	0.949991309666068	3.83834558816008	0.000123866069139726	0.00227192842080287
ENSG00000239389	PCDHA13	13.9857304341939	5.28850847939	0.847197460042772	3.88163165553396	0.000103757954321708	0.00192224652581927
ENSG00000241945	PWP2	27.767689064215	4.3351189415287	0.487114780114592	4.79377558812601	1.63671355850796e-06	3.89918786115236e-05
ENSG00000243232	PCDHAC2	18.7263532183124	6.60379987521776	1.06345521047222	4.32909616679906	1.49722547961735e-05	0.000313849502876552
ENSG00000248383	PCDHAC1	16.6724898720075	5.0120163486834	0.691406293706978	4.35636235321849	1.32241788948342e-05	0.000280038454987543
ENSG00000248905	FMN1	100.556984574972	5.24068578636386	0.347417176606739	9.32793772033955	1.07950813654608e-20	8.7741786333679e-19
ENSG00000251493	FOXD1	724.146849513243	4.41989328925009	0.253486985755849	9.54642023153351	1.34255267485706e-21	1.1357584643778e-19
ENSG00000253293	HOXA10	97.9808899806972	9.93391331139434	1.18857426593793	6.67515151451937	2.46976869441536e-11	1.02198459109378e-09
ENSG00000253626	EIF5AL1	270.042518728695	3.13587800633306	0.246948804946428	4.59964973946513	4.23201901135277e-06	9.59933067404107e-05
ENSG00000254087	LYN	227.745408121206	5.80434342041335	0.359410392108008	10.5849566510867	3.49942694180015e-26	3.92054041364786e-24
ENSG00000255823	MTRNR2L8	39.2665019210401	3.51961858005109	0.430056549954795	3.53353199761944	0.000410046451817437	0.00690251798739586
ENSG00000258429	PDF	82.0534040794744	3.34854315923725	0.29274134048912	4.60660307486489	4.09300218567801e-06	9.30947451861825e-05
ENSG00000258986	TMEM179	148.205281473679	4.25501584655432	0.358360712184289	6.29258668677571	3.12218863018983e-10	1.14028655676603e-08
ENSG00000259207	ITGB3	273.683116447893	5.39432935789604	0.527026929767357	6.4405235599524	1.19062071380437e-10	4.56983380916442e-09
ENSG00000260027	HOXB7	235.201286818425	8.82499111635073	1.04897964239439	6.50631417476516	7.70170680038410e-11	3.00475295193338e-09
ENSG00000261115	TMEM178B	516.689670346343	3.66501688527417	0.368953768685846	4.51280628249087	6.39754505401026e-06	0.000141625760401261
ENSG00000268223	ARL14EPL	22.7228484943216	4.95793076302343	0.787663617582077	3.75532231906751	0.000173118541488549	0.00311331728462216
ENSG00000272398	CD24	157.766398479191	7.80792228378831	1.08902520689627	5.33313852334137	9.65296159158126e-08	2.66759593583348e-06
ENSG00000273706	LHX1	11.0597276216245	5.93473967283495	1.11164299620547	3.53957132484615	0.000400777454521077	0.00676021462198776
ENSG00000274276	CBSL	27.1177152925699	4.88712596417429	0.712163222683085	4.05402283102601	5.03442996772344e-05	0.000984194868725378
ENSG00000275896	PRSS2	21.7964686254946	9.19582174538797	1.25216474365645	5.74670528126788	9.09991366397746e-09	2.83087558090826e-07
ENSG00000283199	C13orf46	96.3363848087404	3.82907028185022	0.474089329774788	3.85807097307822	0.000114285464781206	0.00210551921281908
ENSG00000283486	FAM95C	41.1338618529263	7.3158346971183	1.20439176889906	4.41370892295081	1.01614561656524e-05	0.00021909896577722
ENSG00000286221	AC009070.1	21.5806524623167	4.44793772375587	0.56581633392571	4.32638221447542	1.51578313321354e-05	0.000317338385502698
